STATE: [Texas] (January, 2023)

SUN	MON	TUE	WED	THU	FRI	SAT
1st
2nd
621
802
248
389
3rd
580
340
908
557
4th
499
755
238
869
5th
410
951
102
291
6th
373
912
868
821
7th
253
347
559
876
8th
9th
587
699
710
781
10th
427
293
157
927
11th
488
111
146
820
12th
073
163
944
090
13th
677
708
263
992
14th
676
841
711
845
15th
16th
092
610
331
308
17th
038
362
027
097
18th
713
262
257
364
19th
275
666
936
752
20th
398
161
545
246
21st
426
698
078
968
22nd
23rd
757
007
952
138
24th
065
425
205
221
25th
421
174
519
787
26th
513
927
253
851
27th
962
406
372
796
28th
274
851
081
440
29th
30th
508
127
612
142
31st
836
729
111
607
STATE: [Texas] (February, 2023)

WED	THU	FRI	SAT	SUN	MON	TUE
1st
722
786
062
248
2nd
370
030
048
032
3rd
025
116
420
011
4th
792
069
641
501
5th
6th
436
006
023
853
7th
928
435
682
434
8th
228
943
781
986
9th
358
751
679
604
10th
095
729
518
205
11th
677
673
662
783
12th
13th
572
023
409
443
14th
800
837
901
129
15th
467
887
922
844
16th
477
253
080
880
17th
363
652
606
866
18th
837
860
796
412
19th
20th
909
821
680
198
21st
995
119
242
046
22nd
265
723
445
709
23rd
957
671
214
587
24th
222
465
894
487
25th
642
863
631
941
26th
27th
972
312
114
494
28th
002
584
475
346
STATE: [Texas] (March, 2023)

WED	THU	FRI	SAT	SUN	MON	TUE
1st
874
844
086
402
2nd
976
956
094
872
3rd
415
057
803
337
4th
835
697
497
195
5th
6th
847
069
267
583
7th
884
443
914
977
8th
253
641
064
543
9th
037
764
769
141
10th
909
973
632
130
11th
306
482
283
283
12th
13th
044
565
873
631
14th
034
066
665
246
15th
555
192
050
798
16th
095
333
666
479
17th
900
934
137
498
18th
619
608
588
902
19th
20th
573
622
220
373
21st
351
590
087
452
22nd
140
434
463
915
23rd
772
007
634
070
24th
987
005
291
048
25th
907
010
408
034
26th
27th
131
682
813
427
28th
201
885
815
281
29th
035
918
956
952
30th
971
878
586
149
31st
241
415
893
460
STATE: [Texas] (April, 2023)

SAT	SUN	MON	TUE	WED	THU	FRI
1st
472
815
201
117
2nd
3rd
733
183
466
182
4th
489
093
762
512
5th
873
902
791
276
6th
851
859
185
544
7th
129
739
704
358
8th
415
093
139
451
9th
10th
295
628
494
199
11th
491
842
608
889
12th
697
073
017
232
13th
416
090
908
415
14th
516
494
935
602
15th
813
528
541
379
16th
17th
682
638
285
432
18th
705
789
541
113
19th
875
866
720
801
20th
310
378
679
272
21st
573
447
703
588
22nd
504
328
748
135
23rd
24th
913
707
174
416
25th
161
963
128
475
26th
871
622
439
697
27th
931
765
420
952
28th
642
485
911
234
29th
189
049
122
980
30th
STATE: [Texas] (May, 2023)

MON	TUE	WED	THU	FRI	SAT	SUN
1st
773
595
860
794
2nd
343
811
404
969
3rd
282
337
663
493
4th
764
118
793
749
5th
506
685
498
380
6th
779
707
175
951
7th
8th
714
182
709
725
9th
970
881
526
608
10th
903
334
341
234
11th
326
726
357
960
12th
121
548
986
078
13th
794
816
163
724
14th
15th
302
784
464
008
16th
635
621
271
442
17th
364
757
563
948
18th
176
087
290
645
19th
143
047
310
729
20th
261
545
308
741
21st
22nd
474
130
609
710
23rd
910
841
489
128
24th
806
375
350
755
25th
605
082
737
679
26th
728
875
371
630
27th
086
990
731
517
28th
29th
987
277
544
357
30th
396
529
118
886
31st
314
679
166
079
STATE: [Texas] (June, 2023)

THU	FRI	SAT	SUN	MON	TUE	WED
1st
832
100
837
237
2nd
603
041
386
268
3rd
298
010
012
006
4th
5th
731
926
376
529
6th
358
239
166
560
7th
925
981
717
395
8th
442
875
147
345
9th
707
255
299
223
10th
598
840
192
656
11th
12th
993
770
112
905
13th
822
104
111
619
14th
447
675
825
315
15th
963
469
796
961
16th
956
773
046
880
17th
456
521
363
805
18th
19th
002
973
293
296
20th
954
190
233
003
21st
434
399
160
393
22nd
679
789
202
130
23rd
993
050
709
938
24th
728
403
118
408
25th
26th
266
533
648
379
27th
145
408
507
628
28th
809
027
027
206
29th
133
882
198
619
30th
560
237
038
499
STATE: [Texas] (July, 2023)

SAT	SUN	MON	TUE	WED	THU	FRI
1st
716
945
445
784
2nd
3rd
890
821
639
174
4th
324
366
674
959
5th
983
598
093
782
6th
700
884
706
962
7th
717
028
593
888
8th
147
155
229
871
9th
10th
605
890
230
117
11th
530
172
871
910
12th
911
397
139
760
13th
102
035
976
547
14th
353
798
570
168
15th
529
288
252
288
16th
17th
426
191
864
124
18th
632
237
681
384
19th
940
616
805
212
20th
450
713
119
551
21st
759
459
981
042
22nd
822
415
136
345
23rd
24th
725
979
821
258
25th
157
212
406
323
26th
109
589
233
433
27th
273
036
810
893
28th
607
613
841
485
29th
497
983
514
710
30th
31st
934
033
938
307
STATE: [Texas] (August, 2023)

TUE	WED	THU	FRI	SAT	SUN	MON
1st
270
297
859
053
2nd
875
097
953
057
3rd
405
952
909
972
4th
290
103
280
567
5th
756
690
933
245
6th
7th
510
400
839
498
8th
561
991
090
493
9th
887
132
108
539
10th
817
219
712
791
11th
899
660
994
128
12th
455
029
982
046
13th
14th
281
515
576
619
15th
169
897
750
024
16th
197
441
390
067
17th
222
869
660
241
18th
678
562
963
251
19th
620
805
060
586
20th
21st
485
750
041
201
22nd
220
907
495
534
23rd
386
166
258
059
24th
453
142
076
820
25th
476
327
011
297
26th
309
533
797
563
27th
28th
545
491
181
982
29th
885
930
919
423
30th
284
491
141
478
31st
847
102
815
962
STATE: [Texas] (September, 2023)

FRI	SAT	SUN	MON	TUE	WED	THU
1st
681
315
539
962
2nd
199
674
909
571
3rd
4th
246
759
102
344
5th
193
405
757
623
6th
636
419
354
176
7th
946
917
247
516
8th
649
375
534
721
9th
177
122
599
514
10th
11th
534
200
455
761
12th
329
929
472
849
13th
603
548
539
086
14th
217
973
782
477
15th
871
763
654
104
16th
412
286
832
455
17th
18th
675
459
581
089
19th
179
628
418
103
20th
629
843
745
948
21st
284
262
406
768
22nd
681
727
038
854
23rd
348
868
800
256
24th
25th
830
336
002
122
26th
704
850
975
893
27th
870
168
007
169
28th
904
848
961
161
29th
918
799
442
216
30th
483
914
223
001
STATE: [Texas] (Octoboer, 2023)

SUN	MON	TUE	WED	THU	FRI	SAT
1st
2nd
115
565
908
543
3rd
824
165
056
567
4th
114
178
072
119
5th
488
736
621
417
6th
936
680
755
416
7th
658
587
356
379
8th
9th
766
062
226
935
10th
611
512
040
641
11th
018
115
719
766
12th
048
564
030
530
13th
536
398
846
191
14th
067
885
304
500
15th
16th
770
343
983
996
17th
897
984
115
399
18th
854
283
280
229
19th
482
016
017
756
20th
844
226
831
857
21st
150
091
340
603
22nd
23rd
423
704
480
308
24th
822
214
594
755
25th
022
715
214
195
26th
081
812
528
617
27th
911
100
102
887
28th
993
807
602
906
29th
30th
598
506
184
636
31st
006
027
017
582
STATE: [Texas] (November, 2023)

WED	THU	FRI	SAT	SUN	MON	TUE
1st
461
040
656
168
2nd
274
281
393
813
3rd
628
559
097
310
4th
299
104
611
538
5th
6th
590
969
709
059
7th
162
760
577
770
8th
025
759
499
719
9th
267
603
252
353
10th
084
171
122
935
11th
435
190
293
486
12th
13th
017
069
302
331
14th
753
345
741
648
15th
154
401
023
231
16th
096
244
517
318
17th
015
133
815
811
18th
414
910
067
236
19th
20th
820
553
485
513
21st
045
968
343
629
22nd
599
673
385
162
23rd
636
003
981
200
24th
554
729
742
433
25th
454
428
897
411
26th
27th
620
161
337
573
28th
239
614
780
353
29th
120
165
090
243
30th
493
094
767
576
STATE: [Texas] (December, 2023)

FRI	SAT	SUN	MON	TUE	WED	THU
1st
201
926
360
320
2nd
472
050
450
888
3rd
4th
802
394
261
360
5th
184
556
057
865
6th
032
075
792
091
7th
414
527
195
751
8th
699
146
479
625
9th
369
616
113
183
10th
11th
858
013
155
148
12th
573
849
838
146
13th
922
146
490
602
14th
771
447
435
474
15th
573
517
099
982
16th
859
566
549
765
17th
18th
666
715
025
304
19th
760
837
108
271
20th
987
719
829
593
21st
938
847
595
004
22nd
513
672
358
834
23rd
651
545
342
375
24th
25th
663
370
816
877
26th
133
106
350
760
27th
845
093
111
641
28th
178
263
973
119
29th
473
807
876
911
30th
977
781
978
230
31st
