STATE: [Texas] (January, 2022)

SAT	SUN	MON	TUE	WED	THU	FRI
1st
551
414
869
314
2nd
3rd
068
761
746
315
4th
480
194
376
322
5th
660
444
790
721
6th
366
814
571
672
7th
062
523
129
537
8th
082
537
338
892
9th
10th
170
219
480
824
11th
773
901
526
172
12th
404
565
238
320
13th
390
628
320
485
14th
027
610
159
346
15th
959
775
303
086
16th
17th
102
176
208
894
18th
489
674
400
522
19th
026
881
544
028
20th
384
152
099
915
21st
099
211
966
268
22nd
356
507
689
348
23rd
24th
194
393
946
634
25th
890
261
135
239
26th
174
103
595
040
27th
019
878
053
283
28th
416
135
675
685
29th
946
133
849
034
30th
31st
972
235
992
420
STATE: [Texas] (February, 2022)

TUE	WED	THU	FRI	SAT	SUN	MON
1st
416
977
237
643
2nd
858
130
300
829
3rd
341
007
742
426
4th
640
576
170
325
5th
274
157
749
051
6th
7th
390
684
864
807
8th
065
732
614
941
9th
442
343
113
734
10th
323
583
882
896
11th
054
001
834
605
12th
566
380
471
464
13th
14th
478
363
257
594
15th
968
887
134
861
16th
765
841
413
315
17th
281
014
977
682
18th
419
798
764
704
19th
675
903
629
867
20th
21st
626
592
099
751
22nd
678
146
541
403
23rd
356
787
846
552
24th
550
757
174
675
25th
481
415
824
752
26th
877
310
268
800
27th
28th
577
801
983
123
STATE: [Texas] (March, 2022)

TUE	WED	THU	FRI	SAT	SUN	MON
1st
526
621
242
423
2nd
855
418
128
142
3rd
140
941
311
910
4th
477
967
468
676
5th
557
379
588
722
6th
7th
014
833
379
536
8th
028
065
603
078
9th
113
192
269
141
10th
796
789
194
121
11th
527
681
529
025
12th
215
600
138
636
13th
14th
399
078
370
946
15th
062
016
813
084
16th
214
604
676
367
17th
852
292
887
366
18th
788
748
663
422
19th
227
446
675
916
20th
21st
796
922
753
570
22nd
417
080
578
627
23rd
055
914
575
729
24th
517
432
463
995
25th
262
842
124
843
26th
274
268
590
302
27th
28th
651
635
527
390
29th
913
048
908
101
30th
109
437
062
132
31st
232
588
384
769
STATE: [Texas] (April, 2022)

FRI	SAT	SUN	MON	TUE	WED	THU
1st
060
111
996
837
2nd
985
437
542
844
3rd
4th
849
205
392
852
5th
366
191
824
649
6th
670
689
405
464
7th
131
503
992
661
8th
068
671
831
380
9th
881
146
030
161
10th
11th
987
492
559
355
12th
799
749
697
162
13th
310
472
006
538
14th
509
114
626
677
15th
878
455
750
670
16th
989
118
357
842
17th
18th
586
244
991
115
19th
222
673
615
562
20th
007
471
702
383
21st
146
881
017
932
22nd
646
429
502
562
23rd
913
993
101
859
24th
25th
743
992
981
097
26th
097
086
865
154
27th
515
936
153
409
28th
654
387
976
239
29th
090
487
758
371
30th
580
079
268
916
STATE: [Texas] (May, 2022)

SUN	MON	TUE	WED	THU	FRI	SAT
1st
2nd
058
849
236
715
3rd
542
917
082
522
4th
151
511
324
206
5th
202
907
665
517
6th
749
510
272
161
7th
591
941
883
535
8th
9th
467
086
785
101
10th
853
544
027
458
11th
602
190
104
345
12th
777
771
533
482
13th
599
482
523
361
14th
455
328
316
711
15th
16th
908
632
083
746
17th
831
435
594
457
18th
276
016
880
203
19th
778
994
436
134
20th
589
117
653
364
21st
537
119
604
341
22nd
23rd
074
266
331
944
24th
420
735
566
692
25th
971
118
007
470
26th
063
423
284
747
27th
999
940
396
017
28th
934
485
634
529
29th
30th
094
011
336
351
31st
966
524
754
926
STATE: [Texas] (June, 2022)

WED	THU	FRI	SAT	SUN	MON	TUE
1st
013
493
759
340
2nd
981
963
255
046
3rd
451
550
503
687
4th
934
141
975
282
5th
6th
159
663
885
696
7th
948
851
676
600
8th
769
760
585
332
9th
107
833
024
782
10th
646
137
913
778
11th
747
035
862
293
12th
13th
211
375
923
740
14th
961
692
291
777
15th
944
413
321
988
16th
697
711
935
201
17th
962
145
100
087
18th
695
177
160
931
19th
20th
342
110
839
977
21st
061
296
035
194
22nd
289
424
916
549
23rd
794
509
629
890
24th
973
793
321
232
25th
049
926
659
635
26th
27th
167
996
905
936
28th
378
939
470
919
29th
611
166
446
814
30th
545
035
841
560
STATE: [Texas] (July, 2022)

FRI	SAT	SUN	MON	TUE	WED	THU
1st
700
319
075
925
2nd
406
389
846
454
3rd
4th
095
714
871
552
5th
061
549
985
492
6th
071
993
022
426
7th
101
432
673
679
8th
403
478
883
963
9th
137
291
473
276
10th
11th
344
405
318
743
12th
050
939
397
379
13th
077
174
754
762
14th
256
668
421
533
15th
112
318
351
354
16th
565
537
232
022
17th
18th
435
922
711
648
19th
370
443
881
232
20th
243
738
622
184
21st
105
810
806
213
22nd
045
800
221
700
23rd
267
209
827
810
24th
25th
487
492
029
961
26th
287
769
699
660
27th
628
542
916
245
28th
718
506
330
547
29th
589
698
085
812
30th
068
717
208
265
31st
STATE: [Texas] (August, 2022)

MON	TUE	WED	THU	FRI	SAT	SUN
1st
483
234
383
909
2nd
375
154
432
067
3rd
028
965
942
043
4th
370
994
638
037
5th
342
453
129
234
6th
714
245
494
047
7th
8th
068
263
033
385
9th
375
856
357
795
10th
943
973
908
379
11th
184
483
563
319
12th
709
021
541
395
13th
706
545
679
735
14th
15th
929
932
178
152
16th
349
687
734
849
17th
120
181
422
665
18th
676
988
233
863
19th
264
996
671
658
20th
873
917
943
139
21st
22nd
461
393
342
189
23rd
339
165
732
217
24th
591
667
817
620
25th
787
220
679
000
26th
264
274
511
167
27th
914
720
769
878
28th
29th
403
340
083
511
30th
653
003
161
108
31st
619
071
606
016
STATE: [Texas] (September, 2022)

THU	FRI	SAT	SUN	MON	TUE	WED
1st
041
781
299
097
2nd
606
376
130
475
3rd
921
116
502
275
4th
5th
322
250
236
453
6th
329
448
878
103
7th
802
712
339
779
8th
001
964
160
977
9th
152
525
776
434
10th
732
360
119
819
11th
12th
083
060
544
383
13th
227
767
411
323
14th
182
664
809
376
15th
229
785
885
449
16th
995
782
062
963
17th
092
818
128
139
18th
19th
235
917
154
205
20th
612
091
298
404
21st
302
257
036
330
22nd
687
501
647
282
23rd
732
831
116
736
24th
460
280
562
333
25th
26th
415
631
680
764
27th
593
831
773
689
28th
202
744
299
884
29th
253
201
518
727
30th
482
452
981
550
STATE: [Texas] (Octoboer, 2022)

SAT	SUN	MON	TUE	WED	THU	FRI
1st
769
287
614
960
2nd
3rd
918
643
672
491
4th
762
196
142
471
5th
554
596
706
174
6th
064
521
285
738
7th
883
629
971
106
8th
782
127
297
822
9th
10th
072
411
997
591
11th
624
607
180
319
12th
857
137
408
595
13th
191
463
426
288
14th
250
713
891
818
15th
301
424
538
690
16th
17th
320
360
655
687
18th
791
808
415
676
19th
116
753
799
628
20th
081
330
991
272
21st
824
252
356
130
22nd
821
452
620
041
23rd
24th
314
385
544
108
25th
732
165
743
781
26th
517
761
922
723
27th
866
163
046
978
28th
206
687
260
674
29th
235
018
577
004
30th
31st
571
561
883
454
STATE: [Texas] (November, 2022)

TUE	WED	THU	FRI	SAT	SUN	MON
1st
739
239
558
702
2nd
240
215
645
029
3rd
583
259
063
575
4th
901
705
651
844
5th
654
863
396
222
6th
7th
083
905
460
543
8th
387
172
699
671
9th
540
596
964
620
10th
011
390
321
703
11th
364
398
779
524
12th
195
856
775
789
13th
14th
839
761
695
209
15th
208
990
509
300
16th
311
132
418
538
17th
346
114
585
248
18th
125
980
867
124
19th
011
897
029
769
20th
21st
224
638
255
519
22nd
238
070
304
200
23rd
261
472
064
256
24th
534
825
341
557
25th
950
828
833
261
26th
246
580
633
126
27th
28th
265
250
281
715
29th
666
284
147
058
30th
272
378
906
155
STATE: [Texas] (December, 2022)

THU	FRI	SAT	SUN	MON	TUE	WED
1st
359
912
760
797
2nd
088
918
971
748
3rd
924
308
499
814
4th
5th
950
689
222
350
6th
571
312
380
951
7th
341
880
175
282
8th
178
392
218
104
9th
206
702
258
172
10th
909
462
294
572
11th
12th
017
307
558
105
13th
235
688
094
447
14th
635
993
184
521
15th
529
057
605
757
16th
821
039
920
853
17th
565
034
693
195
18th
19th
305
255
506
528
20th
325
591
272
070
21st
327
796
499
056
22nd
045
030
200
106
23rd
804
555
253
223
24th
356
062
444
770
25th
26th
339
272
024
751
27th
682
020
352
953
28th
458
698
250
081
29th
280
352
300
743
30th
587
260
129
609
31st
560
872
090
285
