STATE: [Texas] (January, 2024)

MON	TUE	WED	THU	FRI	SAT	SUN
1st
174
712
391
777
2nd
818
636
962
873
3rd
485
112
601
340
4th
194
437
488
967
5th
087
737
073
720
6th
080
322
113
676
7th
8th
282
518
193
929
9th
621
033
360
388
10th
936
185
059
207
11th
650
432
337
442
12th
347
668
341
185
13th
225
110
022
775
14th
15th
208
405
195
685
16th
346
847
767
601
17th
201
253
901
467
18th
838
161
406
665
19th
679
748
004
308
20th
185
523
012
709
21st
22nd
192
592
486
223
23rd
718
033
737
325
24th
492
079
546
606
25th
635
136
306
668
26th
496
534
393
304
27th
398
111
720
493
28th
29th
852
297
391
822
30th
638
710
051
896
31st
831
539
564
837
STATE: [Texas] (February, 2024)

THU	FRI	SAT	SUN	MON	TUE	WED
1st
005
333
272
286
2nd
610
710
286
640
3rd
183
792
081
408
4th
5th
971
490
352
205
6th
824
254
290
548
7th
491
772
919
059
8th
139
153
499
196
9th
909
718
502
975
10th
348
065
791
091
11th
12th
835
356
030
718
13th
394
226
115
717
14th
045
331
562
404
15th
082
611
999
364
16th
965
325
826
080
17th
265
906
044
983
18th
19th
071
008
860
026
20th
537
757
295
437
21st
715
971
370
079
22nd
297
020
307
856
23rd
522
995
585
541
24th
219
792
500
348
25th
26th
130
959
475
268
27th
034
267
521
785
28th
869
438
322
440
29th
522
290
861
581
STATE: [Texas] (March, 2024)

FRI	SAT	SUN	MON	TUE	WED	THU
1st
551
108
782
054
2nd
756
069
752
017
3rd
4th
831
564
976
779
5th
370
265
209
426
6th
050
339
916
269
7th
426
226
999
396
8th
730
868
980
835
9th
225
559
400
200
10th
11th
427
891
382
083
12th
600
316
396
626
13th
883
256
108
527
14th
504
302
200
349
15th
752
188
273
355
16th
247
366
324
637
17th
18th
808
115
554
530
19th
080
123
063
146
20th
379
895
537
796
21st
915
885
362
169
22nd
504
947
924
175
23rd
084
185
708
685
24th
25th
913
187
262
531
26th
692
357
895
364
27th
051
688
286
669
28th
366
149
305
454
29th
913
636
861
825
30th
796
924
182
493
31st
STATE: [Texas] (April, 2024)

MON	TUE	WED	THU	FRI	SAT	SUN
1st
773
003
916
185
2nd
316
405
951
008
3rd
761
630
938
872
4th
613
777
870
811
5th
545
973
810
179
6th
410
671
552
146
7th
8th
176
230
059
276
9th
930
068
449
361
10th
700
579
382
379
11th
046
741
999
848
12th
437
081
513
702
13th
532
294
551
543
14th
15th
034
209
247
792
16th
348
354
179
329
17th
935
136
957
518
18th
498
603
141
357
19th
580
186
973
481
20th
953
127
715
831
21st
22nd
404
993
717
814
23rd
069
836
756
636
24th
162
600
413
072
25th
888
282
330
584
26th
453
512
205
774
27th
770
676
183
014
28th
29th
105
283
774
472
30th
205
337
470
371
STATE: [Texas] (May, 2024)

WED	THU	FRI	SAT	SUN	MON	TUE
1st
060
158
894
573
2nd
223
798
107
973
3rd
415
346
994
110
4th
274
184
852
098
5th
6th
889
846
087
971
7th
852
488
083
555
8th
417
865
785
955
9th
478
854
208
908
10th
500
725
199
946
11th
098
125
514
438
12th
13th
751
600
666
168
14th
157
547
422
353
15th
245
648
765
814
16th
288
583
807
634
17th
014
321
398
238
18th
081
318
432
705
19th
20th
923
928
231
444
21st
905
295
540
704
22nd
890
098
471
858
23rd
521
007
696
712
24th
939
332
901
959
25th
478
673
973
638
26th
27th
290
784
317
346
28th
365
911
721
041
29th
016
098
403
034
30th
807
379
094
760
31st
124
905
670
369
STATE: [Texas] (June, 2024)

SAT	SUN	MON	TUE	WED	THU	FRI
1st
492
642
303
283
2nd
3rd
887
494
658
487
4th
930
626
845
915
5th
947
715
898
625
6th
734
337
273
167
7th
376
740
604
850
8th
538
023
460
406
9th
10th
576
406
998
180
11th
483
487
866
284
12th
828
014
875
531
13th
145
411
484
688
14th
001
212
385
842
15th
806
774
545
520
16th
17th
534
865
350
713
18th
350
232
027
053
19th
035
417
652
819
20th
605
209
712
559
21st
555
783
735
936
22nd
435
870
232
037
23rd
24th
060
605
633
217
25th
105
030
832
764
26th
886
229
856
838
27th
063
194
020
257
28th
858
854
721
904
29th
774
549
565
604
30th
STATE: [Texas] (July, 2024)

MON	TUE	WED	THU	FRI	SAT	SUN
1st
288
038
544
771
2nd
109
033
355
829
3rd
030
965
462
490
4th
919
399
770
787
5th
350
642
283
822
6th
122
617
250
588
7th
8th
632
345
822
319
9th
202
269
878
973
10th
405
958
308
420
11th
494
041
443
357
12th
624
040
289
600
13th
265
971
161
546
14th
15th
658
043
189
397
16th
257
777
578
407
17th
514
147
936
157
18th
767
483
637
502
19th
769
629
291
383
20th
612
614
305
911
21st
22nd
936
831
002
505
23rd
403
634
778
008
24th
209
740
276
876
25th
082
600
134
928
26th
340
532
717
713
27th
247
082
400
964
28th
29th
990
737
712
154
30th
299
835
506
228
31st
184
897
891
328
STATE: [Texas] (August, 2024)

THU	FRI	SAT	SUN	MON	TUE	WED
1st
822
533
796
324
2nd
265
705
847
961
3rd
985
192
272
975
4th
5th
337
811
147
332
6th
483
305
123
851
7th
098
865
506
936
8th
799
392
444
314
9th
598
842
206
182
10th
472
396
036
426
11th
12th
104
719
697
554
13th
557
382
587
087
14th
224
953
179
154
15th
209
286
298
612
16th
306
707
419
061
17th
711
635
063
701
18th
19th
795
123
646
117
20th
465
599
424
204
21st
903
285
316
620
22nd
537
445
369
064
23rd
147
635
816
489
24th
120
895
500
366
25th
26th
847
959
720
499
27th
404
804
786
069
28th
713
704
169
755
29th
125
874
401
408
30th
916
523
289
242
31st
382
255
854
838
STATE: [Texas] (September, 2024)

SUN	MON	TUE	WED	THU	FRI	SAT
1st
2nd
117
665
857
349
3rd
286
765
476
938
4th
845
462
909
933
5th
748
879
650
504
6th
979
678
366
077
7th
266
705
418
970
8th
9th
618
746
565
322
10th
071
769
110
744
11th
302
638
609
447
12th
624
251
425
045
13th
008
393
087
052
14th
829
436
215
910
15th
16th
098
487
948
861
17th
319
398
853
823
18th
250
175
598
239
19th
704
600
860
958
20th
842
515
088
281
21st
490
055
850
805
22nd
23rd
996
417
202
438
24th
328
740
760
207
25th
216
671
350
102
26th
920
025
335
012
27th
245
296
234
164
28th
168
034
940
115
29th
30th
460
569
094
881
STATE: [Texas] (Octoboer, 2024)

TUE	WED	THU	FRI	SAT	SUN	MON
1st
102
627
318
867
2nd
472
288
505
172
3rd
775
039
914
457
4th
276
337
958
217
5th
668
261
092
564
6th
7th
075
058
059
904
8th
514
946
351
163
9th
521
077
875
919
10th
690
833
936
782
11th
609
232
021
307
12th
335
658
540
376
13th
14th
592
985
003
773
15th
483
860
634
753
16th
760
910
756
279
17th
986
361
697
682
18th
185
150
888
954
19th
171
200
854
389
20th
21st
864
782
293
212
22nd
203
475
145
036
23rd
364
564
084
109
24th
173
854
624
956
25th
147
702
658
143
26th
448
206
263
202
27th
28th
903
737
571
421
29th
838
384
157
746
30th
609
736
878
406
31st
230
859
817
375
STATE: [Texas] (November, 2024)

FRI	SAT	SUN	MON	TUE	WED	THU
1st
395
611
061
671
2nd
014
109
736
232
3rd
4th
783
925
021
166
5th
465
202
613
509
6th
924
451
741
336
7th
021
877
908
946
8th
141
301
718
569
9th
507
009
960
286
10th
11th
667
952
394
244
12th
742
132
503
189
13th
364
633
154
850
14th
080
822
771
011
15th
150
758
717
287
16th
797
068
564
682
17th
18th
834
731
118
282
19th
128
281
509
312
20th
224
574
264
593
21st
772
105
215
721
22nd
348
462
992
327
23rd
681
727
119
323
24th
25th
292
029
027
693
26th
883
490
498
560
27th
517
251
212
969
28th
353
076
338
868
29th
218
711
773
916
30th
629
869
572
068
STATE: [Texas] (December, 2024)

SUN	MON	TUE	WED	THU	FRI	SAT
1st
2nd
061
436
537
504
3rd
698
504
322
855
4th
002
197
896
900
5th
722
840
454
034
6th
441
309
201
940
7th
500
855
543
931
8th
9th
817
701
578
925
10th
575
088
121
523
11th
451
430
545
636
12th
950
047
364
642
13th
552
607
984
095
14th
534
925
688
331
15th
16th
632
304
660
190
17th
911
184
693
302
18th
544
932
859
294
19th
826
762
842
616
20th
938
699
791
875
21st
208
982
727
424
22nd
23rd
999
935
455
499
24th
489
751
195
835
25th
424
764
633
325
26th
416
583
078
504
27th
352
834
305
347
28th
994
475
644
869
29th
30th
404
708
392
956
31st
367
633
571
421
