STATE: [Texas] (January, 2023)

SUN	MON	TUE	WED	THU	FRI	SAT
1st
2nd
5776
2070
6912
8141
3rd
9081
6917
1960
5028
4th
2042
0418
5031
2739
5th
9464
6286
0530
9533
6th
3512
8941
8388
7660
7th
5712
3232
8531
0238
8th
9th
5490
0928
5957
9453
10th
5561
4258
8069
8038
11th
1313
6799
0578
3681
12th
1070
3178
7589
4165
13th
4098
5399
0633
8581
14th
2082
5406
7127
1427
15th
16th
3992
5592
1995
7077
17th
0138
2870
9013
5843
18th
1182
7285
9136
3876
19th
5686
4892
8857
5927
20th
0368
9895
0605
6358
21st
6591
9707
7484
4168
22nd
23rd
5879
0349
4436
2153
24th
8387
7883
3582
9554
25th
4929
3762
8599
8108
26th
9561
1431
1491
2342
27th
2800
7305
8122
2961
28th
3368
8674
9628
7398
29th
30th
4763
9060
8151
2123
31st
6925
6198
9033
6569
STATE: [Texas] (February, 2023)

WED	THU	FRI	SAT	SUN	MON	TUE
1st
0440
1632
9838
8572
2nd
5409
0287
4278
8902
3rd
0423
7656
9555
8666
4th
8905
6952
3659
5093
5th
6th
0740
4539
3699
6932
7th
1858
0431
8197
9483
8th
9664
0029
0546
0586
9th
9367
3778
5951
7728
10th
4728
8950
8794
6359
11th
2443
5089
1502
9356
12th
13th
6348
9531
2761
5850
14th
9317
5903
4433
3529
15th
4000
6282
2265
6906
16th
6265
1925
3630
1031
17th
1395
6127
0582
5896
18th
0961
6100
1503
6273
19th
20th
0388
8578
8784
0180
21st
5624
9233
0223
1258
22nd
9138
7256
4552
9078
23rd
9672
1897
6756
3644
24th
8836
4916
6770
9139
25th
7358
7857
1141
6307
26th
27th
4580
5203
1917
3486
28th
4906
4975
1364
7456
STATE: [Texas] (March, 2023)

WED	THU	FRI	SAT	SUN	MON	TUE
1st
0523
7998
0944
3460
2nd
8180
4651
0956
2769
3rd
0472
5884
2214
9061
4th
7307
8271
5207
3342
5th
6th
0919
4383
1619
6290
7th
6493
4395
8299
4432
8th
7647
3215
7419
0729
9th
9680
0701
7917
9901
10th
9614
3444
4986
3150
11th
2850
0100
3107
4651
12th
13th
7640
8399
2841
9562
14th
1319
8741
2883
2683
15th
9673
4289
0061
9304
16th
6178
8676
6788
5068
17th
0512
8513
4411
1063
18th
5729
5296
3706
2296
19th
20th
7520
8052
0797
5317
21st
7973
6611
7212
6928
22nd
1021
8219
6354
6930
23rd
5808
6977
9829
7215
24th
3545
5330
3677
2433
25th
7893
0486
7441
6602
26th
27th
9325
2655
8904
0399
28th
9171
1712
4766
4812
29th
7094
7729
5884
4842
30th
2869
2557
0502
3378
31st
9719
4989
7935
4223
STATE: [Texas] (April, 2023)

SAT	SUN	MON	TUE	WED	THU	FRI
1st
4886
1093
6069
0774
2nd
3rd
3960
3200
4498
4990
4th
4064
5958
3779
1085
5th
4188
4127
1483
1353
6th
5161
0372
7154
8442
7th
6797
8227
7605
3972
8th
5755
6791
5914
5313
9th
10th
1962
1480
2384
7510
11th
2823
0829
1379
6155
12th
8015
8883
3245
3827
13th
7184
5745
6556
5937
14th
7107
3902
0391
9252
15th
8574
0776
8341
0665
16th
17th
1554
2867
6434
5832
18th
0340
6338
1440
6337
19th
6961
3165
5727
0380
20th
2427
0262
9127
3071
21st
2275
0829
1365
5051
22nd
5253
5089
2929
3673
23rd
24th
5352
0760
7160
0748
25th
1774
2842
2076
5491
26th
2841
1188
1861
7911
27th
0895
4555
4421
2203
28th
9910
7653
0038
1038
29th
8694
1929
3299
3691
30th
STATE: [Texas] (May, 2023)

MON	TUE	WED	THU	FRI	SAT	SUN
1st
5125
9033
8434
2242
2nd
5311
8658
2690
1274
3rd
6952
5272
4969
8456
4th
7352
3983
0541
0359
5th
3120
7565
0446
4451
6th
8319
8366
2397
8607
7th
8th
5869
9370
3353
1207
9th
5422
5883
3773
8028
10th
3706
1924
9614
5403
11th
1616
3919
8690
8599
12th
0873
7024
4801
5392
13th
2893
4644
5349
1685
14th
15th
7719
5488
3981
5125
16th
3274
9879
8709
8059
17th
7692
7206
9277
4933
18th
6674
0814
1104
1457
19th
4940
6991
1501
1325
20th
4237
3098
8940
0920
21st
22nd
1739
9701
9809
6216
23rd
1261
7557
5340
6790
24th
3197
2612
9611
3812
25th
5660
3505
5489
3032
26th
8858
9474
7757
5720
27th
3661
6933
7785
2220
28th
29th
5332
2440
1141
6981
30th
5265
4643
4508
6482
31st
6379
1838
0980
1721
STATE: [Texas] (June, 2023)

THU	FRI	SAT	SUN	MON	TUE	WED
1st
7316
4368
2642
3212
2nd
3392
3303
8517
8017
3rd
5814
1424
0296
4736
4th
5th
2994
7876
4295
8185
6th
0851
6231
9970
3134
7th
8544
2332
5408
6236
8th
5366
7026
4831
7672
9th
4201
4152
8954
6039
10th
2555
9113
3422
6464
11th
12th
2895
6909
4359
2534
13th
7448
3983
2424
8412
14th
8754
6909
0266
1942
15th
2136
8664
6842
3543
16th
3584
1489
6518
0874
17th
4812
4108
2627
6720
18th
19th
2041
3606
3737
7404
20th
4780
8257
7431
6766
21st
5654
4879
9340
5902
22nd
7515
2532
9217
3988
23rd
2368
8689
6980
7933
24th
8450
8249
4521
9131
25th
26th
6846
1111
5186
6832
27th
0804
4739
6958
9272
28th
0812
3833
7607
5972
29th
5720
1922
3752
4127
30th
0418
2827
8147
3159
STATE: [Texas] (July, 2023)

SAT	SUN	MON	TUE	WED	THU	FRI
1st
3426
4663
9140
2206
2nd
3rd
4481
7861
1478
4864
4th
5926
8285
8792
6466
5th
4836
2789
4004
4960
6th
1085
3177
3197
8500
7th
5636
8003
6678
9061
8th
1695
1286
3032
5606
9th
10th
1761
4229
5085
6321
11th
2653
5647
0357
0776
12th
6998
2044
7538
4387
13th
4448
1050
2898
6366
14th
0236
2629
3222
2210
15th
8677
9542
3684
5443
16th
17th
4969
1176
8673
9686
18th
3527
7865
9246
5362
19th
1707
0617
3628
8704
20th
8395
7430
3272
2411
21st
1065
9414
3538
0865
22nd
6858
8516
0244
9326
23rd
24th
0123
4446
2187
0779
25th
7210
8040
3047
7467
26th
1847
2864
5186
9213
27th
4834
6542
3456
2191
28th
1351
2467
3763
7065
29th
6963
7259
1915
3159
30th
31st
8829
6060
6207
8324
STATE: [Texas] (August, 2023)

TUE	WED	THU	FRI	SAT	SUN	MON
1st
0831
7175
5177
2412
2nd
2726
0157
7264
8291
3rd
6394
5110
7924
2821
4th
5051
0153
5079
2474
5th
0710
0287
9032
0707
6th
7th
6697
6434
4846
7916
8th
9283
5025
1978
5726
9th
6381
4636
7613
0251
10th
0530
4239
6459
0651
11th
9952
6408
4071
8196
12th
9164
9387
6146
3856
13th
14th
8375
3723
9122
1182
15th
5628
5585
8378
3041
16th
7875
9096
2098
6758
17th
6613
0442
1161
5838
18th
4657
0262
7300
7238
19th
1767
0421
6001
3140
20th
21st
2306
2338
6112
0179
22nd
7934
8181
3463
0065
23rd
9106
4546
9454
0221
24th
4785
9246
3617
2584
25th
6235
4441
0142
6676
26th
2974
3391
6995
7255
27th
28th
2722
6672
7828
3674
29th
0025
8913
7563
5405
30th
9804
3090
5356
9104
31st
0210
6456
4087
4651
STATE: [Texas] (September, 2023)

FRI	SAT	SUN	MON	TUE	WED	THU
1st
0562
8469
6850
7731
2nd
5671
7859
1361
4441
3rd
4th
8901
8755
5936
8130
5th
1202
5075
6757
0517
6th
4168
0056
4351
1710
7th
9965
0126
1051
0279
8th
8340
7210
6283
6493
9th
2212
3719
7041
8273
10th
11th
8381
2638
5649
9018
12th
5434
8583
8337
4272
13th
9598
4746
2086
8243
14th
6091
1305
3332
2311
15th
3684
6266
6379
3059
16th
3809
4384
2705
7745
17th
18th
5305
2990
5174
4137
19th
6261
8084
1595
9177
20th
5460
7637
9555
2799
21st
8322
4522
2161
9965
22nd
5110
8392
9921
7368
23rd
3162
4802
0829
1985
24th
25th
6767
9417
7361
7086
26th
3910
7954
3198
6272
27th
0795
1816
1479
7209
28th
6423
2402
4761
5439
29th
5099
8395
3024
4193
30th
1279
5723
7405
4749
STATE: [Texas] (Octoboer, 2023)

SUN	MON	TUE	WED	THU	FRI	SAT
1st
2nd
5116
8767
2555
9131
3rd
5917
9394
6627
5069
4th
5213
3754
7209
4155
5th
9782
8405
0761
1885
6th
0044
6163
1691
6454
7th
2917
3807
5006
1211
8th
9th
3395
5228
3156
4570
10th
1573
9341
8709
3113
11th
4619
4943
0525
7409
12th
5961
4436
6079
3567
13th
6918
0214
7406
5788
14th
7599
4909
1533
9419
15th
16th
0617
8864
2985
4527
17th
2392
8731
5826
7241
18th
0040
0153
6803
9693
19th
2739
2204
8230
6916
20th
3878
2861
4035
1127
21st
7490
6483
7673
5088
22nd
23rd
8286
5667
3357
2807
24th
7302
2600
7429
7177
25th
3795
0544
1252
1022
26th
0449
7387
8316
2664
27th
9469
6617
7007
8139
28th
3673
6853
0056
9250
29th
30th
3414
2698
1265
3483
31st
1405
0194
7834
5196
STATE: [Texas] (November, 2023)

WED	THU	FRI	SAT	SUN	MON	TUE
1st
3394
1771
9601
4521
2nd
1890
2565
2445
0402
3rd
7859
0286
4132
6527
4th
5683
9326
9161
8786
5th
6th
6809
1332
4148
3281
7th
6558
8852
4063
2295
8th
6756
2270
1371
2221
9th
0606
5231
0039
8624
10th
5388
6927
0842
4888
11th
1271
8827
7655
3777
12th
13th
5592
5040
0819
3298
14th
1980
3664
2997
6447
15th
1339
8514
2710
9784
16th
6447
7028
2202
8845
17th
1017
3242
4921
1150
18th
3911
2521
4354
1206
19th
20th
3261
3367
2561
8752
21st
1180
3031
1515
9444
22nd
4769
1433
1337
6907
23rd
4748
5385
3037
3910
24th
7479
5273
7320
8891
25th
5817
1242
0889
4956
26th
27th
3907
7720
3027
4902
28th
3435
6159
6477
0905
29th
4690
2771
4841
4922
30th
6257
1120
4406
8450
STATE: [Texas] (December, 2023)

FRI	SAT	SUN	MON	TUE	WED	THU
1st
3025
6242
5756
4721
2nd
8026
5750
4493
3159
3rd
4th
4662
1219
7505
7917
5th
4062
5070
3506
6800
6th
8597
4041
5952
8899
7th
8636
7013
6190
9048
8th
8188
7560
0621
9196
9th
2909
4572
3143
8505
10th
11th
9563
0897
3700
2492
12th
2324
2544
9201
6374
13th
5550
2176
7130
8828
14th
1202
3001
4842
0834
15th
7328
7142
9878
4695
16th
0330
3069
2529
5605
17th
18th
6138
9757
1725
2347
19th
0051
8057
4011
1696
20th
8732
0173
0788
7338
21st
0129
7430
1001
0369
22nd
9810
2953
5547
6391
23rd
7246
9409
0497
8187
24th
25th
9166
1773
6098
7855
26th
8548
9219
9295
6972
27th
2806
3820
9754
5402
28th
5993
8645
3092
1288
29th
7215
5716
0060
2527
30th
9893
5859
3604
5853
31st
