	
STATE: [Texas] (January, 2022)

SAT	SUN	MON	TUE	WED	THU	FRI
1st
3059
1861
9160
6859
2nd
3rd
9520
8001
1197
4609
4th
5440
3468
0851
4734
5th
3951
5884
0028
1318
6th
3088
8428
2370
0923
7th
3635
6163
2076
8340
8th
6510
8034
7059
3106
9th
10th
0282
6471
2992
7399
11th
8573
5164
9889
3020
12th
9714
8881
1213
3507
13th
6912
8368
1301
4102
14th
9049
4362
5121
7693
15th
1626
6414
1604
6321
16th
17th
7307
5046
6832
9233
18th
2838
8225
2194
9129
19th
6629
9254
3068
8161
20th
4968
2086
1003
4101
21st
6317
6021
0404
5435
22nd
2136
0152
2840
7918
23rd
24th
6060
7577
7796
4598
25th
3415
1699
9007
3700
26th
2852
6294
6433
6691
27th
7142
7552
9871
0444
28th
5840
2966
6869
2256
29th
6087
8717
4563
6823
30th
31st
6642
5969
8877
7659
STATE: [Texas] (February, 2022)

TUE	WED	THU	FRI	SAT	SUN	MON
1st
4567
1293
0400
7838
2nd
1779
5174
9280
5695
3rd
4860
6442
4271
3511
4th
6713
6682
3615
0224
5th
3706
2728
7855
5917
6th
7th
0789
1124
4549
8117
8th
5741
6347
2734
7605
9th
3086
6856
2107
5373
10th
0047
6783
7256
1370
11th
1851
1269
0949
4268
12th
5914
3159
9079
1085
13th
14th
8561
2291
0794
3467
15th
9184
9906
0088
6989
16th
0537
5327
1499
4835
17th
9683
4166
3682
8483
18th
8466
8351
8646
8983
19th
9663
6145
5151
8869
20th
21st
6539
7620
9626
4235
22nd
5515
9880
3957
3633
23rd
6661
6371
3872
9467
24th
9560
7960
9491
8574
25th
5289
2466
9951
1558
26th
2910
8521
9563
8950
27th
28th
1511
7930
9769
7605
STATE: [Texas] (March, 2022)

TUE	WED	THU	FRI	SAT	SUN	MON
1st
3920
2956
6543
1668
2nd
1423
7529
4470
0410
3rd
6366
6013
8020
2430
4th
5068
8581
9184
5301
5th
7548
5611
6922
1953
6th
7th
5301
3374
2310
6560
8th
0459
2724
1031
4011
9th
4836
4075
0851
8327
10th
2879
3141
2944
7941
11th
5177
7462
4211
0234
12th
2421
8872
9579
0511
13th
14th
9762
7588
8881
2044
15th
7997
2110
1481
0708
16th
2575
7056
0267
7291
17th
8046
8368
6598
6459
18th
2051
8332
8740
9055
19th
8464
6411
4872
2716
20th
21st
7128
9560
7494
2989
22nd
6536
2783
3681
6993
23rd
1520
0155
5240
5191
24th
3745
5493
6414
9121
25th
1350
2769
1187
1854
26th
4139
3062
8017
0739
27th
28th
0074
2935
6484
5426
29th
2341
9279
6389
2634
30th
0763
8530
6191
1435
31st
8479
5726
4191
8942
STATE: [Texas] (April, 2022)

FRI	SAT	SUN	MON	TUE	WED	THU
1st
3352
8156
7373
8163
2nd
8734
0467
8776
5383
3rd
4th
5433
1011
0391
1225
5th
3817
2446
8953
1663
6th
7913
2060
5428
9178
7th
7595
9583
5754
1695
8th
2736
9622
2203
5910
9th
1916
9631
6893
8067
10th
11th
6697
1342
3302
1245
12th
8752
2414
8793
7183
13th
9448
0793
2256
6256
14th
9996
6166
4342
3349
15th
2435
5648
6397
0698
16th
9115
2570
8486
5736
17th
18th
6766
9266
0667
3681
19th
5419
7741
5971
2611
20th
1954
9809
4122
1221
21st
2332
2582
0063
3994
22nd
3266
1918
4869
8736
23rd
4293
4325
1238
6720
24th
25th
7962
1110
7090
0943
26th
7652
7492
5687
3852
27th
9645
7839
5116
4193
28th
5152
9528
1733
4622
29th
5580
2572
1900
8774
30th
4992
6738
2502
6471
STATE: [Texas] (May, 2022)

SUN	MON	TUE	WED	THU	FRI	SAT
1st
2nd
8743
4021
4970
3778
3rd
9042
7059
1709
5492
4th
3218
8575
8936
7200
5th
7392
0239
5256
6529
6th
9832
2118
0988
8965
7th
6054
5532
9086
1961
8th
9th
1830
0722
3275
8152
10th
5170
8549
7385
1353
11th
1196
4810
0000
8222
12th
4160
1380
5509
6458
13th
2202
1042
6436
2890
14th
2951
1228
3263
3328
15th
16th
9118
3297
4915
1132
17th
8885
9408
0084
4584
18th
3781
7851
5231
8884
19th
5775
6040
1504
0705
20th
8019
8254
4689
8134
21st
2343
9857
1339
1894
22nd
23rd
3388
5853
7317
1130
24th
2274
1915
0036
9650
25th
5697
2040
0272
4164
26th
4435
0596
2381
5377
27th
4871
6385
4431
6777
28th
4695
9709
3691
4963
29th
30th
8285
5117
5601
0675
31st
9453
9278
4785
1494
STATE: [Texas] (June, 2022)

WED	THU	FRI	SAT	SUN	MON	TUE
1st
0590
1727
2714
4167
2nd
4250
0318
2051
3034
3rd
6459
0856
0056
1946
4th
9520
4384
8253
5290
5th
6th
5202
7908
1915
9816
7th
5074
7332
3641
2405
8th
1127
9564
9628
1001
9th
5111
7880
0645
8221
10th
0900
1581
8054
0533
11th
7430
6592
0162
9231
12th
13th
3589
0086
1110
0641
14th
5645
2837
9174
3675
15th
1036
1568
4253
1017
16th
9436
3436
2502
4729
17th
6988
5089
7294
5960
18th
2314
5143
6695
6278
19th
20th
4308
7812
5982
3400
21st
0190
6941
7757
5599
22nd
2955
2016
2040
6394
23rd
3095
2459
6959
6669
24th
5295
4945
0511
5704
25th
8866
9606
1907
1624
26th
27th
3735
1440
9410
8238
28th
4625
0401
5811
1865
29th
5454
8616
4607
1140
30th
7888
3260
9825
1030
STATE: [Texas] (July, 2022)

FRI	SAT	SUN	MON	TUE	WED	THU
1st
6194
7321
3314
4786
2nd
9831
3456
6616
0481
3rd
4th
9419
2127
7387
1670
5th
1706
3699
2519
3088
6th
5201
3674
4385
2097
7th
9673
1792
0564
0405
8th
3968
8244
1859
5757
9th
2797
6449
4505
5733
10th
11th
0621
6053
5368
9095
12th
9824
9136
1907
1400
13th
3834
9814
9820
6915
14th
6896
9272
1063
4968
15th
4622
9838
1129
5237
16th
3970
2050
1660
7299
17th
18th
4581
5129
9545
9186
19th
2573
3745
7307
2545
20th
7214
7332
2570
0704
21st
9903
2344
4955
5623
22nd
4749
0631
4708
0061
23rd
8489
4668
2014
6555
24th
25th
3644
8012
5455
1993
26th
8853
9417
1242
1708
27th
4506
5903
9484
3289
28th
5136
1132
6916
7144
29th
9599
5959
7869
2475
30th
5542
3327
0196
3804
31st
STATE: [Texas] (August, 2022)

MON	TUE	WED	THU	FRI	SAT	SUN
1st
7132
5204
5341
8327
2nd
5568
0748
3250
5031
3rd
8553
1155
9336
2085
4th
3634
2092
1960
2153
5th
1270
1222
0705
6710
6th
7315
3849
4962
7740
7th
8th
6948
2215
2783
7011
9th
1329
5251
2710
3755
10th
1479
8908
8714
6773
11th
9888
1580
8345
3109
12th
8811
2923
5389
0663
13th
6070
4652
4771
5760
14th
15th
3062
3639
4576
1260
16th
3208
7573
3531
1230
17th
5389
2744
6633
4855
18th
9363
6614
7189
4860
19th
9394
3404
5786
7260
20th
4430
9306
5161
6846
21st
22nd
5207
0292
4826
8329
23rd
0251
3195
0646
1194
24th
5139
8871
2716
3438
25th
2429
8176
5826
1422
26th
8534
3851
6883
7897
27th
2091
4037
3748
7124
28th
29th
5379
5949
7490
4149
30th
8209
9383
6855
1924
31st
2248
0371
2305
4885
STATE: [Texas] (September, 2022)

THU	FRI	SAT	SUN	MON	TUE	WED
1st
0075
5590
1615
3569
2nd
9380
6365
4367
0976
3rd
5839
7483
2379
0668
4th
5th
8414
3389
0823
9633
6th
9475
6362
7802
6480
7th
5352
2558
2365
7155
8th
7572
4697
8515
5266
9th
3471
0862
0679
6984
10th
7001
2418
5181
2785
11th
12th
6811
3941
3090
9593
13th
3771
8749
4165
4413
14th
0143
3826
4398
2145
15th
9942
8240
7001
6412
16th
0827
4848
0159
0264
17th
9640
9005
1457
1290
18th
19th
6068
3582
4134
5543
20th
6093
8220
7885
1884
21st
9788
9925
1434
7553
22nd
2367
9289
0803
5606
23rd
7183
5351
0007
5701
24th
6487
1567
0188
6397
25th
26th
6869
7560
8328
9878
27th
6805
5839
9391
8633
28th
5572
7353
5359
8604
29th
7340
6231
8073
3551
30th
6650
3941
7549
8518
STATE: [Texas] (Octoboer, 2022)

SAT	SUN	MON	TUE	WED	THU	FRI
1st
2502
0822
8418
7108
2nd
3rd
5679
1374
0461
1638
4th
4610
0450
9557
3508
5th
7878
2653
5611
4327
6th
0897
0448
9355
0429
7th
8581
1542
6705
6722
8th
4432
7167
9298
2558
9th
10th
7362
0023
8973
5589
11th
7259
3278
6566
0912
12th
0990
4974
8204
4084
13th
9423
7572
0603
2520
14th
3067
2972
1837
7890
15th
5028
8900
9587
1182
16th
17th
9522
9088
4708
2334
18th
4528
7486
3034
8917
19th
2541
9313
6075
0733
20th
5612
3269
1955
1918
21st
2648
1012
9477
5521
22nd
5358
7715
1579
4103
23rd
24th
8933
2553
5444
3745
25th
3047
9496
3660
0635
26th
9413
8930
0104
8526
27th
4242
6847
9152
8501
28th
5213
9234
2041
3285
29th
7842
4927
4042
5636
30th
31st
1536
9880
0909
7383
STATE: [Texas] (November, 2022)

TUE	WED	THU	FRI	SAT	SUN	MON
1st
3484
5741
5635
1315
2nd
6920
0929
5657
3129
3rd
2336
1556
9924
8222
4th
3214
0065
4513
0085
5th
8590
5182
3194
5014
6th
7th
6710
3981
8062
8386
8th
1836
5801
1088
6532
9th
7356
1907
6651
6931
10th
0697
2975
6543
6732
11th
4253
6382
5562
3719
12th
6676
2878
6770
8048
13th
14th
1486
1893
3251
9136
15th
7378
5401
0290
4390
16th
4430
9138
1627
1474
17th
7692
9671
3328
5238
18th
0029
3726
1623
4694
19th
4341
4560
4724
6933
20th
21st
6087
3873
4745
2244
22nd
5809
6530
5826
9490
23rd
0458
1380
8982
6839
24th
1591
8116
3361
1619
25th
8752
8538
8288
3540
26th
9273
0535
2120
5985
27th
28th
1818
5584
3114
7170
29th
5726
3516
5147
7281
30th
9791
9217
6570
2079
STATE: [Texas] (December, 2022)

THU	FRI	SAT	SUN	MON	TUE	WED
1st
8372
5533
2964
6700
2nd
7760
7396
0651
7593
3rd
8497
8450
7653
8789
4th
5th
0733
0068
7623
0664
6th
9786
7599
6208
9130
7th
5161
6401
4069
4563
8th
5095
1761
1465
2134
9th
6368
0738
4130
5346
10th
4691
4529
2682
8759
11th
12th
9773
4196
2914
0247
13th
5235
9103
3921
2976
14th
1214
6833
9402
8316
15th
0085
1229
4037
0962
16th
9350
4168
2021
6542
17th
6336
7016
0588
6345
18th
19th
0823
9353
7323
7182
20th
2404
6347
9460
5317
21st
4412
1868
7661
7987
22nd
1689
8354
0853
8701
23rd
8473
5359
3674
1850
24th
5616
9229
8441
4226
25th
26th
4909
6506
0403
1038
27th
2885
9760
2150
9714
28th
7614
6881
3515
2806
29th
4089
3055
4526
0542
30th
2525
4137
3320
2178
31st
5127
5089
6469
3401
