	
STATE: [Texas] (January, 2024)

MON	TUE	WED	THU	FRI	SAT	SUN
1st
0573
2151
0845
9960
2nd
8357
5266
6876
1308
3rd
0701
0293
7476
8200
4th
9397
0683
5287
5749
5th
4286
3815
2205
5382
6th
1121
4354
5819
5606
7th
8th
7318
0815
7607
6190
9th
8524
4957
9509
9106
10th
8105
2115
4708
6637
11th
0656
0925
4578
1495
12th
0776
4216
7495
8383
13th
4529
3879
0726
9831
14th
15th
4976
1840
1183
6662
16th
8388
1625
5444
9036
17th
1636
6520
4597
6190
18th
6840
5626
4217
5895
19th
4302
5865
8821
3973
20th
4566
4280
8631
0068
21st
22nd
5126
9602
3808
9142
23rd
0942
3688
4300
4384
24th
1675
4531
3460
7045
25th
9728
2715
3167
6199
26th
7755
1221
3254
9021
27th
8907
8079
8850
3896
28th
29th
7662
7549
4854
0753
30th
0187
2279
8842
8416
31st
5104
4009
5769
4446
STATE: [Texas] (February, 2024)

THU	FRI	SAT	SUN	MON	TUE	WED
1st
1629
0141
6654
2366
2nd
0291
6500
9543
0036
3rd
4126
9967
6654
8122
4th
5th
1265
5411
8481
3719
6th
2863
8527
6070
8023
7th
6174
9919
3665
8485
8th
4716
2455
5443
2511
9th
2517
0720
0183
0389
10th
8171
3920
8985
5060
11th
12th
3564
0363
3235
5846
13th
5738
1963
5952
5631
14th
3522
5678
8428
2682
15th
1323
7766
5986
9718
16th
8327
2440
1108
7987
17th
4674
5050
8026
1125
18th
19th
0162
9054
0709
9767
20th
1173
4740
4570
6408
21st
3872
2521
5427
9988
22nd
0720
9316
5071
8210
23rd
1296
5426
3294
1014
24th
9776
6039
0574
3722
25th
26th
5550
9646
1732
0994
27th
4189
7646
5468
6263
28th
1534
2151
4758
1841
29th
5444
7266
0426
4916
STATE: [Texas] (March, 2024)

FRI	SAT	SUN	MON	TUE	WED	THU
1st
0450
4112
6275
5598
2nd
6877
0092
3013
2477
3rd
4th
8413
1805
3181
3100
5th
1159
5275
1484
1719
6th
1672
4313
1221
4055
7th
5077
8240
1727
0885
8th
3277
5247
0162
8257
9th
0464
3551
8176
3497
10th
11th
5324
3462
4569
7737
12th
4166
1109
6015
5965
13th
1289
5822
2554
0489
14th
2923
1431
0363
1646
15th
8963
6642
2018
2219
16th
8307
9533
0131
6687
17th
18th
1958
3091
9816
4733
19th
2268
0719
0196
3581
20th
5504
8335
0107
9992
21st
3497
4064
4204
6939
22nd
7484
8225
4258
2640
23rd
1593
9199
0574
9129
24th
25th
4935
3257
0590
1144
26th
1026
6241
6134
4063
27th
4370
3436
4069
0296
28th
4191
0035
7572
0026
29th
9221
3224
5539
0351
30th
8318
0971
3559
1840
31st
STATE: [Texas] (April, 2024)

MON	TUE	WED	THU	FRI	SAT	SUN
1st
3398
6886
9414
2453
2nd
9478
5792
2791
2157
3rd
5353
6767
4393
3342
4th
4814
4253
7553
2032
5th
1760
9375
5908
4945
6th
8221
8090
5607
0978
7th
8th
7651
9071
7810
6734
9th
4860
5451
7372
4236
10th
9529
3778
1393
0402
11th
3039
6342
0794
5105
12th
5772
9584
7355
3449
13th
6498
5119
6591
0533
14th
15th
5895
5925
6467
2753
16th
3959
8466
2116
4797
17th
9287
7086
2544
3879
18th
6287
8326
2442
4161
19th
3507
0665
3379
2099
20th
7478
5251
5317
5891
21st
22nd
1497
0513
3955
1961
23rd
3833
6999
3489
0444
24th
3148
6534
9637
1317
25th
6785
8430
6213
3273
26th
5140
8764
0026
4051
27th
8576
7884
5180
0420
28th
29th
2276
1816
0034
3417
30th
9764
6472
4104
3443
STATE: [Texas] (May, 2024)

WED	THU	FRI	SAT	SUN	MON	TUE
1st
2172
8291
2606
0500
2nd
1494
8907
2377
9914
3rd
8535
1955
4931
1343
4th
7147
8030
7101
5693
5th
6th
2731
6110
6316
3620
7th
3437
8727
4280
8169
8th
9783
3517
0940
3445
9th
8509
4506
5781
6795
10th
5220
6157
6813
1499
11th
4829
4214
5046
9011
12th
13th
0547
9357
7753
9436
14th
5355
8647
7060
0427
15th
2248
2846
9230
5778
16th
3537
7334
1580
8516
17th
4550
0681
3685
2382
18th
1281
9676
9287
6924
19th
20th
8600
3137
6823
5261
21st
5992
1918
5670
4509
22nd
1886
4327
2253
5586
23rd
2227
7406
5845
9961
24th
5967
4472
1800
4427
25th
7528
2970
1825
6395
26th
27th
7898
7101
5167
3308
28th
1836
7764
0155
8196
29th
6893
2920
1188
4610
30th
9385
4330
4707
4218
31st
1925
3740
6975
8427
STATE: [Texas] (June, 2024)

SAT	SUN	MON	TUE	WED	THU	FRI
1st
4691
7338
3831
7096
2nd
3rd
5270
3107
4533
4441
4th
3064
1169
8212
4769
5th
1911
1648
1640
6983
6th
4303
3632
2273
4426
7th
1442
8599
3324
1848
8th
3058
4887
9403
6943
9th
10th
3193
2073
6832
5634
11th
0715
1049
7552
9176
12th
5140
9267
3094
2756
13th
3019
8798
0480
4768
14th
3165
9695
1299
1577
15th
8688
9325
2199
1192
16th
17th
9391
5623
1101
3680
18th
9757
0867
3377
9905
19th
0202
6247
0965
9126
20th
1631
5123
4829
2108
21st
9331
4292
6919
7693
22nd
2332
4539
0250
9535
23rd
24th
1998
4988
4411
1294
25th
1568
6301
8409
8956
26th
5840
5090
9402
4870
27th
5984
3263
5031
6712
28th
5485
1679
9742
0587
29th
0436
0394
2765
5470
30th
STATE: [Texas] (July, 2024)

MON	TUE	WED	THU	FRI	SAT	SUN
1st
8374
5834
4919
1738
2nd
8348
1333
6341
0274
3rd
8920
5590
7474
1263
4th
3750
2088
1921
2664
5th
4159
1997
6533
2652
6th
0354
7677
4113
8613
7th
8th
3647
1972
6537
2076
9th
6234
2299
8947
1109
10th
7536
2635
6387
6127
11th
0770
9916
0277
6254
12th
9583
1760
0681
7874
13th
9766
0643
7412
3997
14th
15th
3876
3916
9611
2714
16th
1196
4568
3585
1153
17th
7562
9574
4899
8496
18th
6344
1215
0453
1415
19th
7673
5363
0019
1091
20th
5084
0174
4980
1763
21st
22nd
6496
3771
0348
1221
23rd
5815
0420
2582
2799
24th
1079
0658
3356
5495
25th
8581
9365
3800
6798
26th
3166
7145
0963
6218
27th
2990
3322
5933
3683
28th
29th
1217
5149
6615
1206
30th
5207
0482
8806
6152
31st
7858
2160
3127
3938
STATE: [Texas] (August, 2024)

THU	FRI	SAT	SUN	MON	TUE	WED
1st
0812
7505
7553
0799
2nd
1452
6579
0443
0645
3rd
2214
2432
7507
1229
4th
5th
0169
6702
8467
8110
6th
0457
1565
8104
0078
7th
6535
1177
3442
1108
8th
2864
6614
0115
4526
9th
1067
6861
0747
3613
10th
6476
9687
7117
4639
11th
12th
9105
0910
2158
9795
13th
0703
1519
6249
7503
14th
4083
4093
9846
3096
15th
5082
0156
6422
8013
16th
0367
1242
6466
8207
17th
7478
4168
1115
7219
18th
19th
2662
2956
2759
0425
20th
8314
3206
7329
4670
21st
5552
0398
9639
9126
22nd
2396
3825
7714
1483
23rd
7922
9458
0632
6543
24th
9087
0473
0738
9091
25th
26th
3528
7717
5424
2715
27th
8959
4034
7142
3514
28th
3337
4812
1315
5224
29th
0823
8352
6037
7864
30th
5863
4583
6307
8349
31st
3697
1447
8034
7158
STATE: [Texas] (September, 2024)

SUN	MON	TUE	WED	THU	FRI	SAT
1st
2nd
0016
4434
5215
7483
3rd
0903
5218
9781
3869
4th
8155
0587
6473
6253
5th
6937
6116
3334
3912
6th
3760
3318
3991
6748
7th
9605
5871
5281
5090
8th
9th
0477
3070
6461
0780
10th
2206
6501
2375
0462
11th
4787
6381
5333
9446
12th
8947
2131
5910
7552
13th
2790
0923
8165
5498
14th
3114
2962
6844
7009
15th
16th
0590
8170
6295
7716
17th
9257
0975
8772
6207
18th
6452
0869
5040
5407
19th
6778
2599
9578
0954
20th
3859
6169
4457
3129
21st
6981
2065
4476
4740
22nd
23rd
9374
0370
2851
7757
24th
9820
7999
4898
1942
25th
3101
4152
0800
2127
26th
3725
6010
7965
8928
27th
1780
1024
0388
8829
28th
9258
9465
1198
3986
29th
30th
2331
7381
7881
0999
STATE: [Texas] (Octoboer, 2024)

TUE	WED	THU	FRI	SAT	SUN	MON
1st
1962
9691
8971
7988
2nd
2850
2739
5921
7978
3rd
9694
3907
6812
1687
4th
5478
8947
1869
1284
5th
7732
0788
7011
0018
6th
7th
9592
2367
8721
3501
8th
4260
3429
5621
8203
9th
8555
4092
4052
1752
10th
1308
9767
9619
0607
11th
5929
3384
5445
5871
12th
7914
3240
6635
3936
13th
14th
4874
2530
8945
7500
15th
0582
1020
4225
1424
16th
1260
1831
9589
6774
17th
3735
8149
8983
8193
18th
6800
5462
3930
8180
19th
5678
1789
8296
0600
20th
21st
5236
4252
2038
5578
22nd
2497
6348
5771
2109
23rd
6399
1575
7560
3907
24th
5456
7163
8540
6517
25th
8709
7874
2071
6939
26th
6353
1414
6717
8792
27th
28th
8898
0323
0558
6550
29th
1808
3046
8346
5993
30th
1313
8442
6801
8647
31st
9456
1879
5069
4238
STATE: [Texas] (November, 2024)

FRI	SAT	SUN	MON	TUE	WED	THU
1st
8420
7510
5015
3914
2nd
9178
1146
4033
1789
3rd
4th
9528
6114
9483
5129
5th
2414
3107
2705
6048
6th
3968
4204
6885
5189
7th
9426
4735
8729
0586
8th
7626
2330
9430
7932
9th
1921
2380
7303
0467
10th
11th
6927
0888
8693
4086
12th
0482
1535
6748
3867
13th
5799
3448
7932
3798
14th
2074
0194
6237
4356
15th
6828
7654
6464
7526
16th
7507
2563
9999
3682
17th
18th
4812
2491
2159
8039
19th
3039
5525
0404
1561
20th
7619
6575
5443
4424
21st
6205
1820
4843
0356
22nd
4604
7255
1867
1561
23rd
1378
0980
9869
9936
24th
25th
2629
2853
1150
7925
26th
8735
2389
9543
1142
27th
4682
8122
6225
8390
28th
7258
1527
7110
0152
29th
2138
1684
9464
4342
30th
0640
2492
6051
0116
STATE: [Texas] (December, 2024)

SUN	MON	TUE	WED	THU	FRI	SAT
1st
2nd
8647
8499
7261
5687
3rd
2781
4237
8494
3670
4th
7512
4182
9313
3064
5th
3406
7319
2660
8485
6th
8428
8739
5560
6448
7th
0267
6867
1269
0530
8th
9th
2231
8080
6083
1634
10th
6868
0565
6858
8507
11th
9311
5907
5954
9753
12th
1898
7860
0523
1591
13th
6537
9343
3398
1638
14th
5105
6187
0452
5082
15th
16th
1808
5998
7858
8435
17th
3859
6097
0911
1242
18th
3997
2529
5819
5907
19th
8231
6576
7924
5315
20th
4260
5866
0714
1629
21st
2454
4992
2597
4858
22nd
23rd
4663
4869
3700
3671
24th
0152
9768
9994
3524
25th
0931
9283
7837
3772
26th
4071
7204
8804
5138
27th
5473
3145
8436
9753
28th
2822
5440
3615
2008
29th
30th
0468
9644
4296
7162
31st
7371
1746
1364
1405
