STATE: [Oregon] (January, 2022)

SAT	SUN	MON	TUE	WED	THU	FRI
1st
2978
8346
5111
7457
2nd
0618
7006
6632
4511
3rd
5232
9130
8871
7148
4th
5276
8054
7791
4562
5th
8696
2745
0924
0669
6th
5737
9891
9975
5530
7th
5098
1501
5491
8883
8th
7657
0436
8483
1336
9th
4596
4417
8492
4479
10th
4121
4477
9639
1830
11th
6623
7261
7292
6331
12th
5900
2094
9300
1628
13th
2681
3867
6449
7877
14th
2023
3471
6463
3596
15th
6739
6559
3393
3953
16th
7181
0395
7519
7053
17th
7450
1168
4468
8469
18th
6996
8336
3578
4051
19th
3852
2203
3976
9796
20th
5168
4908
2652
0624
21st
9430
2177
6347
1115
22nd
0823
9551
3051
1260
23rd
1779
6765
9360
3530
24th
4497
7336
9799
7118
25th
9636
4731
9954
8437
26th
1915
9397
9080
9668
27th
5650
2367
3222
8676
28th
6191
4553
4460
9682
29th
9527
7270
1018
3406
30th
4011
5698
3385
8879
31st
3666
8800
5174
1980
STATE: [Oregon] (February, 2022)

TUE	WED	THU	FRI	SAT	SUN	MON
1st
9069
3640
7976
5069
2nd
2727
8983
8219
7379
3rd
2856
9371
1903
0083
4th
6322
7463
7427
3033
5th
1755
0275
9208
8216
6th
7403
8675
7029
2330
7th
6819
7531
2143
1721
8th
1125
9271
0144
0311
9th
8929
7013
1342
4992
10th
4629
8704
2801
9784
11th
0887
4086
7921
7393
12th
3735
1858
7952
5581
13th
9346
6079
6026
2443
14th
0550
8120
0184
9201
15th
8209
7804
2796
8087
16th
3928
4728
1152
1226
17th
8104
3573
7628
1044
18th
6528
1347
2555
6280
19th
6054
4015
2388
5893
20th
6989
2991
4390
4105
21st
7673
3311
1416
7918
22nd
2305
2910
1726
2297
23rd
1689
1130
4418
2054
24th
7895
5908
6222
2198
25th
1168
5143
9588
3423
26th
5639
7395
4599
4181
27th
9545
0265
4762
9016
28th
0532
3467
5105
2893
STATE: [Oregon] (March, 2022)

TUE	WED	THU	FRI	SAT	SUN	MON
1st
5444
2638
7646
6288
2nd
9514
6848
5933
6143
3rd
8065
7774
6876
6376
4th
9277
5443
6734
7839
5th
7904
0373
3622
5940
6th
8101
5166
1146
4053
7th
6277
4085
2277
1326
8th
7706
7870
6283
2292
9th
4497
1323
0847
3565
10th
9061
5904
9641
5690
11th
9410
4017
1947
0784
12th
5525
8055
8177
2842
13th
8550
7994
3421
4022
14th
3323
4902
1019
4351
15th
9605
0418
6065
3960
16th
2051
2773
2514
3201
17th
1089
1953
2084
1505
18th
4534
0766
1043
4613
19th
1011
7744
9916
9706
20th
4823
7064
1239
9299
21st
8681
6276
9736
1894
22nd
5757
8087
5834
2180
23rd
3102
6300
9084
4337
24th
7807
3813
1414
7104
25th
9604
4738
9370
9294
26th
7915
1460
2205
8100
27th
9640
1258
9166
8507
28th
7567
5902
4981
0200
29th
9064
2495
1583
3849
30th
7939
6568
6623
0250
31st
6376
4217
5633
5166
STATE: [Oregon] (April, 2022)

FRI	SAT	SUN	MON	TUE	WED	THU
1st
9823
6350
1951
8206
2nd
4717
4450
0412
4083
3rd
0940
8631
9371
1433
4th
1168
1273
6202
1795
5th
2646
2151
1238
7588
6th
3595
6465
6690
1575
7th
9003
6215
6987
7070
8th
8176
4432
3323
6718
9th
9384
9039
1431
0351
10th
2590
9303
8523
8379
11th
1579
7259
4696
5429
12th
1887
2928
6410
1962
13th
6864
3247
2997
0359
14th
9780
9345
3139
5712
15th
7613
5873
8664
3083
16th
8336
8220
4564
7291
17th
3828
8674
0293
1097
18th
4244
4080
7965
5965
19th
7563
8479
8058
3322
20th
2083
7218
8593
4314
21st
5177
4278
1222
9868
22nd
1093
1408
2371
6346
23rd
5050
9397
1766
1852
24th
9957
1757
5505
0653
25th
1347
5133
6726
3851
26th
9862
8628
7066
0550
27th
5975
9523
7622
6643
28th
0910
9425
9663
5864
29th
1605
8662
7814
9089
30th
1804
8521
1624
3340
STATE: [Oregon] (May, 2022)

SUN	MON	TUE	WED	THU	FRI	SAT
1st
0606
0698
8392
7709
2nd
9380
8323
9389
6372
3rd
0126
9130
6558
2712
4th
5601
3722
8149
7546
5th
9007
1535
9950
6122
6th
2515
0567
1303
9350
7th
1804
4126
4569
2461
8th
3028
0805
3312
2556
9th
6706
8882
8614
9221
10th
2845
9407
0742
3315
11th
9536
2576
3906
5421
12th
1832
3142
3317
4320
13th
1161
2870
4447
3765
14th
9778
0896
0363
9125
15th
6637
6677
6263
3442
16th
7326
0190
1867
2690
17th
2218
4602
4393
5023
18th
6478
9853
3376
7619
19th
5786
9237
7928
1237
20th
2981
6719
1297
9371
21st
6376
1116
9961
4659
22nd
4100
9708
9497
9101
23rd
7085
5459
5849
5418
24th
5191
6218
8954
0197
25th
7972
9504
4425
9880
26th
1894
5175
2938
4006
27th
1987
6868
7973
7640
28th
3607
8391
3074
0165
29th
0607
9519
8778
0732
30th
4349
3920
2290
4541
31st
2231
6830
1456
2286
STATE: [Oregon] (June, 2022)

WED	THU	FRI	SAT	SUN	MON	TUE
1st
3133
4524
3762
4538
2nd
0473
4112
1638
9393
3rd
3145
5317
2530
6478
4th
7599
7951
7088
6321
5th
5275
4366
2955
3980
6th
3211
3829
0501
8779
7th
5793
6272
6142
2481
8th
7076
3848
7791
4441
9th
1850
7947
6438
5616
10th
1720
5579
0706
4973
11th
5575
2887
7535
7324
12th
9650
4551
2467
6419
13th
4115
2854
9621
6892
14th
2386
9595
6618
4090
15th
0756
6407
2007
4322
16th
0455
0788
5177
7172
17th
1604
6007
9769
6917
18th
7872
9827
1691
4167
19th
6298
9731
5649
9334
20th
4099
8937
8906
6149
21st
1636
2160
0003
0312
22nd
3006
1156
0252
7046
23rd
9030
2821
8179
5935
24th
6395
7067
8238
4909
25th
7772
5299
4585
3497
26th
3827
4660
7642
4757
27th
3426
7485
8278
1156
28th
0449
0939
6113
6371
29th
4844
8168
1050
1093
30th
2883
3297
3310
4029
STATE: [Oregon] (July, 2022)

FRI	SAT	SUN	MON	TUE	WED	THU
1st
4292
3689
8890
8889
2nd
3800
5799
1979
0964
3rd
9509
4824
3843
2851
4th
3359
0595
9239
6493
5th
6935
3356
9398
2389
6th
7578
5953
0383
9857
7th
2427
2629
8062
2186
8th
3986
8938
8455
7915
9th
9031
0854
1066
5027
10th
6954
7012
9569
6581
11th
7960
0734
5332
6193
12th
1927
5404
9993
4192
13th
5093
7279
0558
8270
14th
4648
8843
0082
0199
15th
2293
5705
8267
0745
16th
7525
8346
3938
2305
17th
9147
4400
5035
6807
18th
2074
0181
6017
7916
19th
4814
8680
6949
0751
20th
1467
6723
0646
6975
21st
2124
1488
0813
6769
22nd
0602
7301
1207
5369
23rd
6183
0207
3240
1401
24th
7700
6357
7379
6559
25th
9733
9145
6717
1450
26th
1435
2881
7147
4205
27th
2916
2599
0259
4857
28th
0852
1522
4509
2857
29th
6860
4864
7057
0546
30th
9845
9122
2047
0661
31st
3631
6201
0333
5951
STATE: [Oregon] (August, 2022)

MON	TUE	WED	THU	FRI	SAT	SUN
1st
9104
5981
2459
9116
2nd
5041
9477
9849
4060
3rd
5220
4261
8436
0557
4th
8143
2204
4545
7770
5th
0032
2944
4354
1849
6th
6099
0868
1730
2194
7th
2142
8340
3939
0286
8th
2075
7067
4393
5462
9th
3681
9443
4716
6489
10th
8564
7721
0617
3571
11th
7986
4759
4854
7670
12th
7277
6562
6750
4017
13th
6765
2908
8162
2876
14th
4989
7843
6278
0296
15th
4703
4766
6958
8903
16th
2413
3929
8225
5076
17th
1466
7709
0749
8663
18th
3655
8496
4550
1961
19th
9500
8466
2858
1882
20th
7946
7939
0620
5610
21st
3630
8670
9649
9525
22nd
1593
1249
3454
2113
23rd
4186
2810
7010
1537
24th
4603
8796
5328
3686
25th
0219
6372
5143
7597
26th
2448
9607
5313
4708
27th
3372
0820
5794
1373
28th
7737
3587
9348
0610
29th
8669
0501
7346
4119
30th
6519
7460
3574
1096
31st
1496
6640
7559
6742
STATE: [Oregon] (September, 2022)

THU	FRI	SAT	SUN	MON	TUE	WED
1st
9510
1658
8037
0996
2nd
9516
7516
2986
2191
3rd
2050
6694
8245
6668
4th
1854
0602
4976
7816
5th
7482
6194
9124
5631
6th
5239
8974
9484
3911
7th
8214
1426
7507
9940
8th
2116
5785
5104
1024
9th
9892
0573
8889
8326
10th
1635
9430
2617
0940
11th
8885
8276
8284
0493
12th
3306
0353
6473
4633
13th
0206
5953
1173
7873
14th
5069
5841
6540
6431
15th
7261
8506
4640
7364
16th
6062
7830
3988
0302
17th
5629
9670
6380
7603
18th
3362
0292
7730
9118
19th
2603
8601
8688
3996
20th
6351
6298
3548
7801
21st
6569
3199
8998
1668
22nd
0440
6446
0526
6659
23rd
6422
6286
7247
7031
24th
2236
3475
3924
7815
25th
9055
5094
7049
6023
26th
1067
6682
1329
0847
27th
1115
8643
4109
5955
28th
8452
0707
3165
9601
29th
2859
9852
7071
9693
30th
1246
9792
9190
4013
STATE: [Oregon] (Octoboer, 2022)

SAT	SUN	MON	TUE	WED	THU	FRI
1st
3098
8518
1191
5100
2nd
4217
5002
6874
9345
3rd
7874
8957
9568
9963
4th
0709
1444
7686
6091
5th
1756
3613
4406
3426
6th
2970
5314
7583
7898
7th
7681
8752
9746
0189
8th
1350
2763
2968
2933
9th
7718
2681
3931
0370
10th
8870
7502
4895
5700
11th
0289
2576
9497
4240
12th
8696
4412
1444
6758
13th
4342
7966
8203
9840
14th
5734
0390
4617
9994
15th
9920
2063
1942
8339
16th
5867
5808
9194
2776
17th
3485
5675
5452
4179
18th
1475
9582
8713
0698
19th
6348
1255
5232
4051
20th
3037
2160
3370
8369
21st
4214
0603
4283
9544
22nd
7119
1236
6855
9864
23rd
8807
4008
0322
6475
24th
0939
8041
1936
7684
25th
7032
0809
1997
4778
26th
1214
9234
9670
8224
27th
4908
5395
0394
8272
28th
3640
4902
1362
0947
29th
6453
2408
2203
3093
30th
6124
6607
0368
0592
31st
1422
4236
2087
9195
STATE: [Oregon] (November, 2022)

TUE	WED	THU	FRI	SAT	SUN	MON
1st
1342
7869
0031
5184
2nd
2349
4005
4333
1501
3rd
8614
4768
0357
1515
4th
9650
5271
7231
6902
5th
6550
6853
4179
3152
6th
3768
8755
4242
3826
7th
9394
5333
9493
0859
8th
4091
1581
4204
5123
9th
8108
4427
6282
4509
10th
0695
4407
3235
9941
11th
6475
0137
4219
5431
12th
6222
5726
8010
1061
13th
5605
6916
7342
0456
14th
3005
3354
2176
0633
15th
6616
1190
4928
8197
16th
3610
6123
9881
0653
17th
6423
1387
5633
5640
18th
4662
8514
9893
9779
19th
3441
7780
4625
6969
20th
5648
2034
8281
1648
21st
6766
9252
2484
2399
22nd
2911
8886
4951
9403
23rd
9363
0529
5435
2762
24th
9476
1939
7980
4322
25th
2053
3867
5215
7006
26th
5590
4476
9207
1995
27th
9908
6721
3242
3761
28th
8452
5365
1497
2573
29th
8330
2573
0222
7599
30th
2342
9387
9618
5079
STATE: [Oregon] (December, 2022)

THU	FRI	SAT	SUN	MON	TUE	WED
1st
6710
5498
3517
2620
2nd
5976
5777
0900
6472
3rd
2259
9545
5546
0686
4th
0031
7794
9991
8919
5th
7840
9442
1761
3362
6th
5864
7397
1363
5861
7th
3396
7826
9935
2895
8th
2166
0992
2095
5399
9th
2174
1482
5914
8841
10th
2493
2104
9525
1804
11th
2820
4286
4688
8640
12th
5108
5951
8954
9279
13th
9529
8348
2647
0644
14th
9832
0311
0203
6889
15th
5065
0882
5227
9152
16th
0666
6409
2343
3819
17th
2102
3971
8337
0103
18th
7807
4170
2841
0356
19th
0585
1604
9182
0240
20th
2802
5016
4559
4727
21st
5840
7567
6421
6834
22nd
1262
8381
8932
8283
23rd
7243
0217
8137
2356
24th
3327
4563
0952
9099
25th
1101
8100
8876
5940
26th
2511
3247
0821
6198
27th
6116
7504
9337
5101
28th
9120
0436
5222
0137
29th
8970
7373
3103
7662
30th
8245
5541
0909
1393
31st
1282
6588
8282
7712

