STATE: [Oregon] (January, 2024)

MON	TUE	WED	THU	FRI	SAT	SUN
1st
1665
5287
5657
8220
2nd
7232
7412
2061
4229
3rd
2080
9386
8441
6847
4th
6572
9818
1322
4557
5th
4400
1638
6011
3123
6th
6278
9433
4583
8851
7th
6907
2065
3884
7516
8th
2790
3172
4296
8570
9th
0489
7548
3803
0413
10th
4451
3600
9293
1562
11th
2435
7153
7392
5868
12th
3947
4949
8741
0364
13th
9090
8100
2907
2605
14th
9548
2939
5614
7552
15th
4026
5975
8504
8445
16th
4212
7638
1337
2824
17th
4460
8286
0143
4252
18th
1431
4880
7047
5900
19th
8025
3975
9278
9659
20th
8017
4225
8216
7079
21st
2690
2118
9087
7110
22nd
6100
7961
3793
3400
23rd
2767
3228
9990
8622
24th
6459
3991
8241
9888
25th
6887
3871
8602
0731
26th
3205
7777
5074
8157
27th
8845
1712
6861
7170
28th
9698
1332
4094
4431
29th
5603
0594
3959
8485
30th
3258
3223
0695
0133
31st
8113
4854
3567
6320
STATE: [Oregon] (February, 2024)

THU	FRI	SAT	SUN	MON	TUE	WED
1st
0873
8198
9899
3906
2nd
1253
3356
2022
9803
3rd
7349
0037
5784
9237
4th
5430
5502
6477
3501
5th
1757
6259
2713
3504
6th
9637
3483
0121
1969
7th
2540
0037
3684
3892
8th
8175
0832
5439
5786
9th
5087
3035
5301
3450
10th
5531
1990
3631
6677
11th
7532
2912
4764
6145
12th
5352
8373
7359
0906
13th
2183
6627
2532
8954
14th
9752
7679
7318
2234
15th
0615
4167
2910
5033
16th
0983
7198
5147
9573
17th
5856
4810
6681
2807
18th
9190
0869
6962
8561
19th
3289
3762
1331
3981
20th
3729
1408
7260
9737
21st
6609
5917
7118
1864
22nd
3737
9195
5536
0204
23rd
5853
5709
2691
6850
24th
6475
8433
3032
8893
25th
1225
1825
4983
6569
26th
3664
5825
9823
7590
27th
3450
6987
3943
1796
28th
9613
5432
2960
7380
29th
2987
7126
1114
8021
STATE: [Oregon] (March, 2024)

FRI	SAT	SUN	MON	TUE	WED	THU
1st
8148
0766
9639
1163
2nd
4775
3557
4663
3498
3rd
3882
4592
3852
9213
4th
8538
4621
5455
4089
5th
9717
2455
0530
8900
6th
3454
6281
1761
3155
7th
9991
0687
1494
6911
8th
9808
9578
9476
7706
9th
6789
8835
0147
4784
10th
1515
1596
5601
9234
11th
1944
8435
9403
5985
12th
8792
1627
9957
6720
13th
3291
0129
8826
8390
14th
9141
0860
5697
0312
15th
0979
0651
9775
7916
16th
9267
2875
6373
2423
17th
3189
7017
7028
6472
18th
9355
8848
2301
0423
19th
8421
8951
7537
2553
20th
3822
6709
8020
9497
21st
3270
2260
6640
6809
22nd
4776
0177
5186
5047
23rd
6684
3221
9500
8663
24th
8006
1441
4860
4989
25th
7688
7300
1374
3424
26th
2187
0801
4301
2012
27th
9179
2240
2817
5926
28th
5894
4646
2087
2937
29th
3464
8402
8504
9230
30th
7317
2004
1973
3295
31st
5800
1442
6857
2108
STATE: [Oregon] (April, 2024)

MON	TUE	WED	THU	FRI	SAT	SUN
1st
5323
2994
3014
1861
2nd
9653
6578
6125
7223
3rd
1656
5685
3157
9041
4th
1131
9499
5808
0762
5th
1971
1290
2102
5872
6th
3564
1476
8703
5162
7th
5180
5397
7761
9103
8th
9566
3081
7348
2809
9th
1076
2063
4030
3989
10th
5006
7270
8938
7457
11th
8642
7158
5770
5183
12th
7204
6256
9067
1078
13th
6763
3424
3092
0872
14th
0895
4746
9975
0172
15th
8684
6984
9530
3936
16th
9886
7502
9554
4065
17th
9238
1922
2310
2611
18th
5159
3588
7833
3612
19th
8783
3563
0161
4558
20th
7107
2559
2778
2235
21st
9740
6382
6653
6781
22nd
8033
2118
3865
8576
23rd
8921
2516
4447
3535
24th
5023
9395
8092
3792
25th
4432
7992
4478
1217
26th
3250
6697
9092
6390
27th
8928
0572
3879
5086
28th
0967
5399
9360
6001
29th
8911
3969
2769
7692
30th
3205
0508
0165
0517
STATE: [Oregon] (May, 2024)

WED	THU	FRI	SAT	SUN	MON	TUE
1st
8553
3869
2786
4986
2nd
7141
7268
7246
4396
3rd
2327
5941
6583
9292
4th
0809
4138
4957
2664
5th
5949
1289
5565
3240
6th
8940
5576
6539
8628
7th
1681
0484
0426
7753
8th
0067
7504
9418
5046
9th
4918
4723
2265
3807
10th
7733
6422
4552
1547
11th
6848
3555
1343
1641
12th
3083
5818
9076
3552
13th
6342
9916
7864
9006
14th
9397
4138
1396
3391
15th
9355
1936
1027
2172
16th
1498
5955
4134
4870
17th
7389
0073
3649
6532
18th
8156
6340
9223
6441
19th
2335
3533
8245
1762
20th
8852
7898
4515
8007
21st
7628
5773
3411
8671
22nd
6981
2649
9968
7822
23rd
6682
1138
8508
8863
24th
5089
0557
1172
1045
25th
0822
6566
4413
1696
26th
1511
7555
1186
8631
27th
9252
4624
4109
1052
28th
0728
4272
0888
8603
29th
4838
5008
3760
5357
30th
8650
0570
8750
8041
31st
4130
5965
6458
8729
STATE: [Oregon] (June, 2024)

SAT	SUN	MON	TUE	WED	THU	FRI
1st
4675
1989
6208
6541
2nd
2851
1878
5525
7666
3rd
8092
4634
4885
9480
4th
2795
6605
6449
1754
5th
9496
3648
2637
5058
6th
7776
7961
2209
3373
7th
8899
4345
2858
9808
8th
7030
2655
0310
3197
9th
9880
6624
8097
0711
10th
2819
6282
8286
8969
11th
0760
2933
7941
2977
12th
7179
7771
9287
5349
13th
0183
5091
8538
0590
14th
9462
2021
8872
2442
15th
5714
1691
8605
3743
16th
2031
6544
1552
5056
17th
4299
2473
9336
2347
18th
4942
1490
9691
3824
19th
8231
1541
3877
9310
20th
5880
7105
5487
2610
21st
3735
5786
8257
4180
22nd
4434
6573
5098
1351
23rd
4927
1490
1347
3357
24th
7705
6743
8374
4484
25th
1039
1469
6527
1370
26th
8608
9074
8168
1638
27th
0435
7266
8713
5039
28th
2247
4156
4672
3714
29th
8385
5898
3368
4516
30th
4861
5134
7946
4920
STATE: [Oregon] (July, 2024)

MON	TUE	WED	THU	FRI	SAT	SUN
1st
5785
8333
4637
9066
2nd
6456
7858
4658
8114
3rd
3842
5074
8785
3284
4th
4750
1342
6057
4888
5th
9555
6772
8850
1051
6th
6189
6435
6529
4785
7th
1088
2886
5128
7651
8th
0753
8048
6075
8259
9th
2926
1226
6155
8716
10th
4054
7439
4433
6262
11th
7297
3145
2961
4879
12th
8641
4633
3591
4433
13th
9915
9050
0683
4948
14th
5590
2889
3633
6005
15th
3239
2269
4546
9786
16th
7505
6815
9829
5100
17th
5110
8438
7686
4270
18th
9529
3691
9972
8582
19th
7880
6564
9950
4885
20th
2926
7357
2368
4926
21st
9580
4349
4715
4957
22nd
5011
0950
7044
2085
23rd
0655
4588
6956
8180
24th
1317
7434
1575
3587
25th
3351
7377
0273
7506
26th
3563
7861
2394
2851
27th
5027
6538
8898
1295
28th
8295
1127
5485
5236
29th
7391
3440
4190
2575
30th
2935
9588
4909
2700
31st
2546
3091
8869
2089
STATE: [Oregon] (August, 2024)

THU	FRI	SAT	SUN	MON	TUE	WED
1st
9283
8593
0533
6008
2nd
3246
8683
3224
4988
3rd
4511
5881
4827
6079
4th
5316
3929
9781
1997
5th
7183
3842
1045
0421
6th
4808
6706
8267
6610
7th
7156
7593
5868
2136
8th
8976
2271
5167
7018
9th
5333
5023
1043
0450
10th
7182
9317
2266
4330
11th
6834
1337
6107
1437
12th
8340
4749
5707
1206
13th
0508
8315
9901
6393
14th
5927
1623
6751
8060
15th
0059
4462
7935
0290
16th
0161
8797
9799
8980
17th
2721
7622
8687
8815
18th
7407
6228
6010
0915
19th
7139
9055
5186
0789
20th
4177
9808
9037
1553
21st
1026
3485
4714
9493
22nd
0153
7683
8061
7274
23rd
9163
6962
0065
6287
24th
9924
4342
4078
6359
25th
4022
7261
6153
1701
26th
1016
5097
2447
5977
27th
8785
5677
1392
8389
28th
6885
9037
1717
0014
29th
2674
9171
7944
3968
30th
1266
5312
2492
8350
31st
1225
6763
0863
3626
STATE: [Oregon] (September, 2024)

SUN	MON	TUE	WED	THU	FRI	SAT
1st
1736
4056
9505
9364
2nd
5065
0117
2304
2421
3rd
9562
1920
3985
2423
4th
3470
3176
5278
7893
5th
4582
7186
4006
3338
6th
6092
5981
0078
5586
7th
6431
2031
5672
7151
8th
2058
5921
7217
4348
9th
9954
0886
4756
4832
10th
7203
7081
3724
1592
11th
2513
7684
7257
5075
12th
1507
7931
8908
5075
13th
5086
2005
1518
7220
14th
2656
9827
3877
9920
15th
7879
5655
6889
5760
16th
9289
5287
1349
0539
17th
0656
9547
8416
0125
18th
4125
5012
0556
0925
19th
8447
0262
8913
7155
20th
1192
0080
7278
9990
21st
2529
4909
2072
8531
22nd
3283
7234
5727
8675
23rd
7505
5670
1095
8140
24th
3201
5995
1990
0150
25th
5564
8210
0202
8156
26th
5776
6046
2759
5812
27th
4157
7066
1060
3469
28th
7201
9782
7048
9580
29th
3417
7681
6846
1393
30th
7609
6332
7505
3334
STATE: [Oregon] (Octoboer, 2024)

TUE	WED	THU	FRI	SAT	SUN	MON
1st
7921
6774
3651
3568
2nd
8068
0793
6061
7665
3rd
2676
2317
5581
2027
4th
8900
4234
4575
6142
5th
3712
0948
4758
9642
6th
3521
9059
7695
8901
7th
1846
4322
8844
8296
8th
7235
7883
0643
6534
9th
5167
0301
3284
4021
10th
2411
1288
3125
0666
11th
8759
9178
6509
1770
12th
3125
9858
2703
1065
13th
7938
9441
4908
7342
14th
9797
8269
8822
4460
15th
0199
2207
2069
8057
16th
4982
7399
2835
3795
17th
7774
2573
4116
5801
18th
5061
0710
0968
3031
19th
4363
2049
2439
8221
20th
5631
5801
6474
3606
21st
6724
2653
4652
7260
22nd
1962
3414
7304
1782
23rd
5507
5687
8279
3066
24th
1577
1146
5991
6124
25th
2484
1033
6596
6373
26th
0251
7263
9338
1943
27th
6000
6263
2690
4886
28th
5744
1246
8419
1415
29th
9542
6809
1372
4133
30th
8486
7023
9945
6959
31st
1472
4604
5596
1942
STATE: [Oregon] (November, 2024)

FRI	SAT	SUN	MON	TUE	WED	THU
1st
9462
8480
7934
9509
2nd
9409
5956
6104
3078
3rd
8995
3275
1698
7422
4th
6002
0156
1047
5738
5th
8604
2834
3923
4618
6th
4620
6882
2894
2302
7th
5297
4818
3923
5397
8th
5209
5319
2806
3213
9th
2815
1631
5691
6547
10th
6014
8354
2602
4024
11th
7670
3212
0534
9563
12th
8921
6986
8404
8392
13th
3874
3180
9236
5806
14th
6653
9034
4541
7577
15th
9231
3528
4012
1944
16th
3941
0008
7253
8753
17th
5786
1665
3945
2727
18th
6838
7470
6929
6666
19th
1050
1258
6437
5672
20th
1234
0139
8745
1141
21st
0044
4787
8256
8991
22nd
1389
7769
1810
1460
23rd
6097
9429
2242
2105
24th
2395
1730
0369
9669
25th
4323
7080
6764
6171
26th
7157
3609
6481
4872
27th
7731
3209
4832
6499
28th
8747
5968
6150
4094
29th
5689
0190
9131
7835
30th
7614
2982
6081
3611
STATE: [Oregon] (December, 2024)

SUN	MON	TUE	WED	THU	FRI	SAT
1st
4925
6753
7638
5668
2nd
3985
3620
9653
8422
3rd
0655
1063
6030
7461
4th
9885
0130
0281
3563
5th
6511
5673
8405
2498
6th
5428
0420
6436
8730
7th
5872
1650
6213
0505
8th
0191
5230
6111
9668
9th
9369
4074
2409
4909
10th
2138
0897
8158
9157
11th
2389
6563
9431
6590
12th
5201
3124
5108
0019
13th
9083
9776
5350
2489
14th
2600
3821
0055
1928
15th
8001
7042
0766
7835
16th
8799
2994
5657
0049
17th
0569
2305
9742
5167
18th
0216
3559
7152
4732
19th
8640
3439
2082
1306
20th
9110
6102
4669
7131
21st
0136
7169
6128
0602
22nd
9431
9597
5540
4686
23rd
1607
2870
3623
5540
24th
9150
0542
1883
2559
25th
3465
1047
8383
2827
26th
5611
5975
8825
8512
27th
3314
9796
5356
3158
28th
8078
2252
1580
7661
29th
0627
0754
6277
6012
30th
5748
8969
9399
3433
31st
2467
2637
3942
9956
