STATE: [Oregon] (January, 2023)

SUN	MON	TUE	WED	THU	FRI	SAT
1st
8776
8746
5485
1310
2nd
3515
2379
8420
4494
3rd
4089
2424
8198
6371
4th
4637
2264
3513
7138
5th
3257
6181
9281
6949
6th
6731
8397
5198
4492
7th
1992
5366
2391
8525
8th
2679
8607
4718
7147
9th
7287
5513
6928
2633
10th
7765
1879
3063
2950
11th
1956
6789
1296
1830
12th
4729
1579
0820
9714
13th
1885
0372
8129
3589
14th
6565
2508
4520
5078
15th
6820
1193
9751
0901
16th
3406
5578
8372
2100
17th
3933
4523
2316
4336
18th
3071
6781
8308
5875
19th
0546
3964
9249
7628
20th
3541
1899
2435
0714
21st
6843
0072
7843
2135
22nd
8005
4463
9425
6235
23rd
4637
3721
7639
0272
24th
7068
4839
5029
5093
25th
0516
6565
7470
6337
26th
4109
1905
8256
4159
27th
7418
3033
3594
1470
28th
7383
7772
1554
7371
29th
2518
7021
1440
0069
30th
9523
7599
4693
1061
31st
9150
5068
1297
8132
STATE: [Oregon] (February, 2023)

WED	THU	FRI	SAT	SUN	MON	TUE
1st
5229
4006
9203
2933
2nd
1977
1338
1579
6879
3rd
3897
8254
7054
6200
4th
1647
2735
4044
3202
5th
6468
5083
3017
7401
6th
5772
2313
8318
3512
7th
2811
2287
2535
6225
8th
4918
2766
9676
7801
9th
7668
4023
0383
9673
10th
0612
0373
7382
9889
11th
4749
7450
5347
3789
12th
6955
8154
0311
7561
13th
3145
3493
1888
4195
14th
9771
9801
3135
2023
15th
2114
3692
3133
5681
16th
9598
8295
4061
8389
17th
7309
8991
7974
0403
18th
7582
6709
0783
3011
19th
8187
3633
0746
1120
20th
8764
4305
0875
7025
21st
3406
5039
4779
0118
22nd
6785
1702
1650
1955
23rd
0151
4478
6279
9424
24th
2142
4226
5776
3773
25th
2397
5454
4335
0931
26th
1841
2884
1876
7788
27th
9454
1429
2252
0854
28th
3489
7692
9133
2465
STATE: [Oregon] (March, 2023)

WED	THU	FRI	SAT	SUN	MON	TUE
1st
2573
8920
3577
4468
2nd
8121
1917
6673
6154
3rd
0261
8018
6860
2257
4th
5347
0148
6153
0742
5th
9633
2271
9338
3100
6th
3523
3614
7595
6552
7th
7302
8852
0216
6187
8th
3675
2396
5101
9011
9th
2044
4516
5497
8505
10th
7309
8205
3953
2911
11th
4282
7797
6151
7183
12th
5600
6085
3868
0045
13th
1268
7278
8905
0828
14th
7537
9830
1404
8013
15th
1993
7428
5142
6860
16th
3256
3376
9020
2004
17th
7340
7558
3901
7548
18th
4895
4882
3582
1927
19th
2744
1482
5084
4259
20th
4548
9151
6930
5058
21st
1588
5875
1205
8814
22nd
4349
0324
3060
8414
23rd
0129
3697
1118
4714
24th
8418
0443
7021
7935
25th
6538
5271
8590
1845
26th
0565
7267
3149
8151
27th
6748
4897
9042
1245
28th
5644
1754
9291
4437
29th
4269
5088
3603
9150
30th
1619
3551
5399
6632
31st
1240
9850
9673
2464
STATE: [Oregon] (April, 2023)

SAT	SUN	MON	TUE	WED	THU	FRI
1st
5170
6012
7680
4793
2nd
1036
3478
6018
0001
3rd
2368
4789
3147
8020
4th
0599
3028
5916
3774
5th
8911
1731
6546
4496
6th
2070
6194
3338
7769
7th
9679
4045
3179
7146
8th
3864
7532
9840
2152
9th
2455
7001
4346
3054
10th
6830
4154
0763
4806
11th
2676
2007
3679
7425
12th
7797
5028
7815
9657
13th
4901
2165
1117
3025
14th
4593
0063
7967
3569
15th
9047
6428
8261
6064
16th
0642
0688
1315
0969
17th
4542
1075
9480
2265
18th
0411
3457
4506
7092
19th
6447
7356
3871
5505
20th
4853
6972
1496
7556
21st
9867
8152
9433
7788
22nd
6586
0511
5550
7187
23rd
3325
2188
9196
5196
24th
3134
0086
6373
6707
25th
4925
4231
4979
9288
26th
8258
8920
9550
7884
27th
7858
5997
1132
5266
28th
9638
0508
2170
2767
29th
4835
5792
4564
8323
30th
0547
5356
4220
0215
STATE: [Oregon] (May, 2023)

MON	TUE	WED	THU	FRI	SAT	SUN
1st
8616
6508
4479
5571
2nd
8077
3018
1833
0218
3rd
2457
7912
4474
7240
4th
4347
8769
4476
0640
5th
0856
7601
0451
5808
6th
2256
4086
8654
9903
7th
8704
7117
1136
9352
8th
2819
8687
8676
3614
9th
4977
8307
1845
6914
10th
5810
5517
6606
9933
11th
7876
5992
9612
0141
12th
0554
7720
5235
0305
13th
7143
8366
7856
8972
14th
1963
1595
0034
0358
15th
1910
4436
7240
4372
16th
3945
7843
0522
0486
17th
1824
5281
3920
9224
18th
5572
6398
3482
1247
19th
4306
9041
1433
6241
20th
4750
5129
5000
6132
21st
3464
2433
1490
2505
22nd
6072
0419
8331
2913
23rd
7472
3696
8200
8569
24th
1534
2234
7171
8680
25th
9119
9750
5010
1178
26th
7863
2546
5438
4859
27th
2999
2353
7473
9562
28th
3741
7897
9466
0051
29th
7677
5043
1073
6916
30th
8655
1202
6018
5809
31st
3072
0920
1677
0709
STATE: [Oregon] (June, 2023)

THU	FRI	SAT	SUN	MON	TUE	WED
1st
5470
6712
9508
0900
2nd
2148
1710
6368
2315
3rd
2849
1746
8693
5990
4th
3233
0143
7872
7004
5th
2452
9892
3698
2764
6th
2056
4125
7581
2262
7th
4606
9468
5788
9282
8th
3668
6494
2403
7107
9th
7041
4589
2852
3998
10th
3213
0747
9168
8099
11th
1374
0532
5720
8789
12th
4300
9029
8444
0252
13th
3323
9358
8396
2825
14th
3061
9979
8167
7142
15th
7084
7668
6765
0695
16th
8135
7823
9167
8802
17th
4467
2227
8411
5387
18th
0900
6201
1810
3474
19th
7390
0548
7398
2479
20th
2546
3836
1974
6376
21st
5233
9713
8919
5423
22nd
9096
7443
4938
2586
23rd
4178
4428
4679
9568
24th
6522
4057
9463
1038
25th
5078
5262
8215
0583
26th
6276
2542
6259
7753
27th
3550
3114
9664
2783
28th
0848
9182
0783
9869
29th
3705
0416
8917
8074
30th
7413
7077
5314
3959
STATE: [Oregon] (July, 2023)

SAT	SUN	MON	TUE	WED	THU	FRI
1st
6451
1270
8419
5764
2nd
1372
8354
2675
5999
3rd
2665
3133
3419
5607
4th
6837
5076
4094
3017
5th
3680
2936
4907
2254
6th
4193
8976
2400
7342
7th
0455
5601
9354
0813
8th
6900
5561
0584
4490
9th
2382
0653
0515
9220
10th
4770
5433
9604
4716
11th
3300
2996
5661
2820
12th
7107
8621
7915
6635
13th
0071
0263
2664
2519
14th
1510
8521
9362
0910
15th
2596
5089
5030
1293
16th
2275
5261
3313
0645
17th
1335
7593
3202
4722
18th
9191
3527
8814
3601
19th
6027
3599
9837
2314
20th
0539
9259
2616
7755
21st
2492
7715
6863
5804
22nd
3396
1286
9823
9400
23rd
9871
9044
3022
9633
24th
2490
1266
7159
5468
25th
5851
9504
9879
1899
26th
0303
6159
7982
3455
27th
5898
1979
6245
0402
28th
4189
2310
7812
7761
29th
1762
8382
4622
1581
30th
5212
8709
9287
2843
31st
1215
4008
8927
6622
STATE: [Oregon] (August, 2023)

TUE	WED	THU	FRI	SAT	SUN	MON
1st
3850
9700
6164
5129
2nd
2821
0453
0339
6950
3rd
9475
4174
4884
1868
4th
4927
6552
2584
1073
5th
9161
9678
2831
3302
6th
8632
7032
9816
8021
7th
1455
9771
2987
7220
8th
2204
1691
1988
8117
9th
4226
2458
3494
9955
10th
8607
1619
3579
4122
11th
8927
1400
3440
3032
12th
1752
8706
0966
0586
13th
6413
0576
4156
3634
14th
1545
7820
6413
7941
15th
4009
6589
7460
9106
16th
2509
0075
3814
1718
17th
8825
6303
2379
6270
18th
4508
0403
8887
6725
19th
4032
4712
1996
3340
20th
0901
4766
8091
0530
21st
6150
0731
6852
5655
22nd
0102
0074
5673
3308
23rd
3715
4268
6734
3433
24th
1822
1364
2051
6452
25th
9003
4856
6534
6087
26th
3430
5381
8336
0025
27th
3181
1831
6824
5669
28th
8149
9068
0216
1580
29th
8678
3097
4746
0085
30th
3197
5911
7430
9434
31st
2171
4846
8396
9387
STATE: [Oregon] (September, 2023)

FRI	SAT	SUN	MON	TUE	WED	THU
1st
9030
0429
5621
9225
2nd
4188
2728
8394
3326
3rd
8030
4916
4976
8016
4th
0747
5995
1281
8517
5th
5925
8637
2426
3588
6th
3924
6390
3634
1271
7th
2287
3384
5801
5263
8th
3365
8578
0016
3722
9th
7334
9119
7036
8408
10th
6451
4660
7385
6080
11th
9449
4277
8764
1510
12th
0545
7451
7130
2508
13th
0325
8838
1577
9828
14th
8372
5795
0670
9421
15th
9155
1813
0298
2418
16th
7088
4435
0380
9435
17th
6466
1641
9632
9968
18th
1624
4905
3030
3271
19th
4682
4430
2145
1156
20th
6057
1566
0350
0936
21st
6547
5838
2569
8041
22nd
5513
6936
3728
0953
23rd
1996
1997
8283
5542
24th
0298
6851
9037
4297
25th
2673
6876
2277
5756
26th
1633
9184
6751
5299
27th
0785
4573
6611
2918
28th
1374
8167
0694
5848
29th
5993
6613
2663
1410
30th
4454
7935
0286
5851
STATE: [Oregon] (Octoboer, 2023)

SUN	MON	TUE	WED	THU	FRI	SAT
1st
0913
5505
4416
4000
2nd
8915
5545
6176
1420
3rd
1234
6340
6539
5950
4th
5946
3526
7130
4126
5th
7509
2282
9765
9124
6th
3540
0493
9899
6896
7th
3539
3541
2541
4115
8th
0120
7462
3861
2990
9th
4989
3733
2933
3155
10th
8178
8584
5954
5738
11th
1132
0782
2133
4964
12th
3363
4116
1718
7485
13th
3307
9338
5746
0869
14th
1764
1170
8586
1792
15th
6307
1516
4835
1614
16th
0201
7243
9684
7046
17th
1735
3638
5566
0923
18th
7872
4121
5733
2035
19th
4195
2806
1007
7881
20th
5756
2630
8054
7501
21st
1801
0679
5168
7920
22nd
6782
3696
3231
8207
23rd
2161
9403
6993
7647
24th
8171
4238
3566
7589
25th
1942
9253
0802
2060
26th
5151
2652
5073
8941
27th
5693
4843
3946
7481
28th
3285
0849
7365
9094
29th
8269
3674
5128
4087
30th
2506
9773
7008
9442
31st
0227
4093
0248
7027
STATE: [Oregon] (November, 2023)

WED	THU	FRI	SAT	SUN	MON	TUE
1st
9885
7324
9136
1317
2nd
7016
8409
4184
2747
3rd
1368
4141
8089
7386
4th
6868
5590
1006
6051
5th
9626
4654
8353
4011
6th
3540
3338
1456
2747
7th
0938
9462
7141
7774
8th
2815
5051
7790
5462
9th
2920
4469
5419
3738
10th
6630
2745
1571
0374
11th
6240
6586
0592
2756
12th
2236
8027
6342
3913
13th
7888
4469
3055
3389
14th
4440
5581
6306
0364
15th
1057
5486
8552
5139
16th
7602
1415
3715
0143
17th
4004
0900
6343
0715
18th
5457
3139
4608
4577
19th
0439
3954
8485
0902
20th
8758
1222
3657
7177
21st
7962
4007
1991
6880
22nd
0411
1560
9977
8868
23rd
9904
2566
4576
2096
24th
2691
5656
4958
6375
25th
8577
5889
8572
2032
26th
3534
8913
7037
3899
27th
7431
6329
8450
0223
28th
6639
9345
4986
1642
29th
4655
1613
8960
2510
30th
7105
9109
3158
0192
STATE: [Oregon] (December, 2023)

FRI	SAT	SUN	MON	TUE	WED	THU
1st
5598
6169
9343
2679
2nd
0980
8302
7942
1489
3rd
4410
4242
3622
7546
4th
4412
8497
8412
5749
5th
4364
9878
0205
2472
6th
7755
8726
2440
4772
7th
3016
1660
7676
1582
8th
5617
1502
2435
6771
9th
4517
5954
9032
5088
10th
5420
8081
7670
7527
11th
3497
5812
6962
7078
12th
1808
3603
8473
5943
13th
0500
7617
7898
4562
14th
5925
7522
3418
9959
15th
6085
4032
8445
3425
16th
5704
4519
5415
2882
17th
5303
6016
2938
4524
18th
4236
7487
2358
3618
19th
2723
8835
7550
1224
20th
7857
7173
2216
9299
21st
1829
5466
5929
4324
22nd
4161
5549
2968
9607
23rd
6262
1255
6825
9123
24th
3794
5369
2636
1504
25th
0312
2003
2030
8252
26th
2164
0377
8076
3748
27th
2701
1140
1918
0335
28th
4377
6103
9762
4263
29th
0816
3984
9367
6501
30th
5028
3932
4300
7199
31st
9863
6993
7321
2387
