STATE: [Oregon] (January, 2025)

WED	THU	FRI	SAT	SUN	MON	TUE
1st
8127
0744
3597
4257
2nd
5549
6273
6406
4801
3rd
5269
5431
5189
7582
4th
4633
4848
4390
8690
5th
7007
2903
2674
0302
6th
3647
0895
2631
0226
7th
7786
9693
6049
0742
8th
9958
4390
5804
8378
9th
6661
0544
0790
7017
10th
6208
6306
7171
2793
11th
8902
5793
3347
8234
12th
3648
5730
5393
3686
13th
1802
7805
7985
3965
14th
7282
5323
5867
9938
15th
4484
7584
7846
6607
16th
3973
3306
6140
9602
17th
5626
7716
2805
6296
18th
4185
2406
9457
5672
19th
3202
7009
9560
8535
20th
3749
5862
5985
6575
21st
4620
0707
3750
1426
22nd
9994
0571
0275
3062
23rd
4023
3212
6088
9953
24th
8196
5130
5512
6833
25th
7670
0323
2389
4026
26th
5309
4270
8548
5414
27th
5469
9562
0528
9166
28th
1191
0765
2064
4757
29th
4673
2917
4043
9481
30th
5664
1527
2763
8841
31st
2535
5858
6557
9727
STATE: [Oregon] (February, 2025)

SAT	SUN	MON	TUE	WED	THU	FRI
1st
6277
2619
4447
9181
2nd
9992
7333
5902
1612
3rd
8941
8590
0029
1216
4th
4308
0503
8625
4530
5th
3081
8701
1757
5793
6th
3837
9910
3763
5295
7th
0614
5554
0631
6390
8th
5733
3333
7715
6206
9th
0000
6357
9676
0927
10th
3281
9136
9714
8231
11th
8569
0720
9786
1382
12th
8825
3503
5662
3494
13th
9173
3734
1059
3351
14th
0713
9858
7018
4455
15th
9011
4804
0259
7959
16th
0216
6662
9459
2780
17th
9752
6139
5161
3788
18th
4470
1450
9971
4881
19th
9792
2277
9962
6658
20th
8381
6170
8980
0620
21st
9194
3055
4445
7916
22nd
5268
7249
5729
2473
23rd
6080
4249
0968
0859
24th
1431
1075
5492
5872
25th
4144
7582
0115
5116
26th
7475
6014
2691
1911
27th
3829
7422
8129
9088
28th
0994
1959
7083
6831
STATE: [Oregon] (March, 2025)

SAT	SUN	MON	TUE	WED	THU	FRI
1st
9733
3058
2686
4029
2nd
4091
8522
5193
0718
3rd
2365
1612
9871
4126
4th
2692
3514
6348
7146
5th
9507
7362
3298
0549
6th
8001
5507
3773
5370
7th
5920
0348
7345
3670
8th
2893
0242
6425
1799
9th
0037
6576
1272
5830
10th
7898
9801
6297
6431
11th
7603
5505
9694
5022
12th
7526
0002
2814
7060
13th
0147
4768
1415
6255
14th
5383
9307
2696
6391
15th
9524
5119
1110
3935
16th
5882
7007
7346
5722
17th
8627
6422
2127
5045
18th
2641
3827
9395
0178
19th
8647
9325
9838
8375
20th
1612
6274
4543
7168
21st
3328
8104
8698
0679
22nd
1553
9563
9898
3917
23rd
8379
8476
4547
1034
24th
4667
6324
4574
7494
25th
4469
7901
4252
9092
26th
2775
1247
1605
9013
27th
3000
9210
6872
6073
28th
5855
1070
2856
2793
29th
0879
2291
5133
4844
30th
3521
3470
1310
9805
31st
8992
9959
3023
0694
STATE: [Oregon] (April, 2025)

TUE	WED	THU	FRI	SAT	SUN	MON
1st
6629
6787
3013
1071
2nd
8980
0813
2481
8620
3rd
9450
9286
8212
7686
4th
6831
6169
4386
6665
5th
3471
5533
8821
0126
6th
1069
1306
1797
9802
7th
4585
7874
4792
6327
8th
3722
4902
7267
6374
9th
2160
7164
7030
0525
10th
3463
3953
2252
6911
11th
5872
0756
0515
7942
12th
8183
0502
6543
8814
13th
6385
4693
3543
3935
14th
7153
6698
2274
2863
15th
4667
1007
6716
6120
16th
8095
7412
2948
7971
17th
0976
7082
8354
8159
18th
5586
7216
4088
5132
19th
1460
9589
1735
5001
20th
6224
5204
1406
2315
21st
2453
3892
2099
6902
22nd
7782
6410
0239
3916
23rd
5908
2579
7272
4501
24th
4742
5647
7706
5141
25th
4150
7908
3189
7832
26th
0161
4597
3777
2013
27th
6966
9919
1704
7058
28th
9177
5744
9252
7571
29th
6749
9324
1452
6267
30th
6202
4270
8579
7680
STATE: [Oregon] (May, 2025)

THU	FRI	SAT	SUN	MON	TUE	WED
1st
7247
1948
0339
4741
2nd
9407
6896
5014
7693
3rd
7054
9878
8092
1314
4th
0365
9715
3838
8632
5th
6465
2056
5990
1532
6th
3702
4688
7190
7588
7th
8213
4963
9436
8692
8th
5322
2875
8491
2892
9th
1121
1668
2658
0891
10th
5664
1939
4887
9797
11th
7170
1420
1404
5771
12th
2272
9979
5068
2533
13th
1242
7455
8668
0523
14th
4233
4143
